0
0
0
0
0
0
0
0
0
0
0
0
0
0
0
0
0
0
0
0
0
0
0
0
0
0
0
0
0
0
0
0
0
0
0
0
0
0
0
0
0
0
0
0
0
0
0
0
0
0
0
0
0
0
0
0
630
630
0
0
0
0
0
0
0
0
0
614
614
0
0
0
0
0
0
0
0
0
0
0
0
0
0
0
0
0
0
0
0
0
0
0
0
0
0
0
0
0
0
0
0
0
0
0
599
0
0
0
0
0
0
0
0
0
0
0
0
0
0
0
0
0
0
615
615
630
0
0
0
0
0
0
0
0
0
0
0
0
0
0
0
0
0
0
0
0
0
0
0
0
0
0
0
0
0
0
0
0
0
0
0
0
0
0
0
0
0
0
0
0
0
0
0
0
0
0
0
0
0
0
0
0
0
0
0
0
0
0
0
0
0
0
0
0
0
0
0
0
0
0
0
0
0
0
0
0
0
0
0
0
0
0
0
0
0
0
0
0
0
0
0
0
0
0
0
0
0
0
0
0
0
0
0
0
0
0
0
0
0
0
0
0
0
0
0
0
0
0
0
0
0
0
0
0
0
0
0
0
0
0
0
0
0
0
0
0
0
0
0
0
0
0
0
0
0
0
0
0
0
0
0
0
0
0
0
0
0
0
0
0
0
0
0
0
0
0
0
0
0
0
0
0
0
0
0
0
0
0
0
0
0
0
0
0
0
0
0
0
0
0
0
0
0
0
0
0
0
0
0
0
0
0
0
0
0
0
0
0
0
0
0
0
0
0
0
0
0
0
0
0
0
0
0
0
0
0
0
0
0
0
0
0
0
0
0
0
0
0
0
0
0
0
0
0
0
0
0
0
0
0
0
0
0
0
0
0
0
0
0
0
0
0
0
0
0
0
0
0
0
0
0
0
0
0
0
0
0
0
0
0
0
0
0
0
0
0
0
0
0
0
0
0
0
0
0
0
0
0
0
0
0
0
0
0
0
0
0
0
0
0
0
0
0
0
0
0
0
0
0
0
0
0
0
0
0
0
0
0
0
0
0
0
0
0
0
0
0
0
0
0
0
0
0
0
0
0
0
0
0
0
0
0
0
0
0
0
0
0
0
0
0
0
0
0
0
0
0
0
0
0
0
0
0
0
0
0
0
0
0
0
0
0
0
0
0
0
0
0
0
0
0
0
0
0
0
0
0
0
0
0
0
0
0
0
0
0
0
0
0
0
0
0
0
0
0
0
0
0
0
0
0
0
0
0
0
0
0
0
0
0
0
0
0
0
0
0
0
0
0
0
0
0
0
0
0
0
0
0
0
0
0
0
0
0
0
0
0
0
0
0
0
0
0
0
0
0
0
0
0
0
0
0
0
0
0
0
0
0
0
0
0
0
0
0
0
0
0
0
0
0
0
0
0
0
0
0
0
0
0
0
0
0
0
0
0
0
0
0
0
0
0
0
0
0
0
0
0
0
0
0
0
0
0
0
0
0
0
0
0
0
0
0
0
0
0
0
0
0
0
0
0
0
0
0
0
0
0
0
0
0
0
0
0
0
0
0
0
0
0
0
0
0
0
0
0
0
0
0
0
0
0
0
0
0
0
0
0
0
0
0
0
0
0
0
0
0
0
0
0
0
0
0
0
0
0
0
0
0
0
0
0
0
0
0
0
0
0
0
0
0
0
0
0
0
0
0
0
0
0
202
205
204
225
226
228
237
252
251
271
272
281
291
262
274
313
321
329
329
351
351
0
374
369
363
365
365
416
418
418
416
445
444
456
459
460
486
415
406
509
510
512
519
535
538
555
555
573
574
519
557
596
599
619
620
622
642
642
644
0
674
564
525
0
0
0
719
718
738
742
739
0
769
634
630
787
788
0
815
814
816
0
849
849
866
687
688
889
889
889
907
912
914
928
940
939
960
753
747
980
980
1001
1003
955
716
0
1036
1036
1056
785
780
1077
1078
1081
1080
1080
0
0
0
0
638
635
0
0
0
0
0
0
0
0
0
0
0
78
77
102
110
128
139
161
164
172
203
213
224
171
183
269
277
290
307
310
330
350
363
375
392
285
301
435
442
460
472
495
495
0
517
517
519
324
343
0
0
549
549
0
552
571
574
573
577
338
355
0
0
0
614
616
616
616
0
0
0
435
473
656
0
682
683
682
697
701
0
723
723
437
487
751
751
0
775
776
777
776
802
798
793
465
496
832
846
858
868
883
888
913
921
925
938
555
555
992
993
993
1026
1025
1044
1046
1072
1080
1090
876
912
1139
1138
0
1172
1172
1204
1206
1207
1115
1115
622
621
0
0
0
0
0
0
0
0
0
0
0
0
0
225
228
228
241
244
0
267
266
281
251
257
308
308
0
0
338
338
0
364
364
0
295
328
393
412
413
414
0
0
449
449
0
450
410
420
484
485
513
515
516
519
540
540
0
566
528
505
590
590
592
0
0
628
629
631
655
657
482
482
0
690
690
0
0
721
722
733
737
740
521
578
769
782
780
0
808
809
811
831
830
848
646
655
864
864
0
891
891
909
908
0
935
937
621
571
0
971
971
0
0
1004
1005
1006
1028
1029
850
850
0
0
1071
1071
0
0
0
0
0
0
634
634
0
0
305
305
327
326
329
357
357
369
360
358
402
402
420
420
443
443
466
464
467
489
433
408
0
0
543
543
555
565
570
585
586
0
577
588
625
0
658
658
680
680
696
703
700
721
614
612
742
0
776
776
799
799
802
821
821
846
668
613
869
869
893
896
896
0
911
911
0
0
602
677
937
0
0
958
957
961
0
979
980
980
928
928
0
0
0
0
0
0
0
0
0
0
710
710
0
0
0
0
912
645
644
0
0
0
0
0
0
0
0
0
0
0
0
0
0
0
0
0
0
0
0
0
0
0
0
0
0
0
0
0
0
0
0
0
0
0
0
106
106
128
129
130
156
162
173
187
198
210
215
233
237
260
211
231
283
297
305
324
329
343
343
361
369
394
275
310
419
424
440
440
464
473
479
496
506
506
447
460
551
562
571
571
603
604
612
625
625
628
430
447
0
678
680
681
699
699
701
721
721
0
419
419
760
759
781
783
781
785
811
812
813
828
545
537
853
853
875
875
877
897
898
900
920
920
597
679
945
946
968
970
970
990
990
1004
0
1021
687
738
1035
0
1062
1062
1074
1080
1080
1102
1104
1105
734
775
1137
1138
1153
1156
1158
1173
1178
0
1136
1136
926
1115
642
650
0
0
0
0
0
0
0
0
0
97
99
100
121
120
147
148
159
163
0
146
147
147
0
234
234
246
257
271
275
285
283
315
251
250
0
349
349
368
366
389
389
412
400
423
310
318
0
468
469
0
0
505
505
526
526
548
416
426
571
582
593
593
0
626
626
626
0
663
511
515
687
709
709
710
737
739
738
759
758
781
514
540
815
815
835
837
846
859
860
884
884
885
668
644
932
934
947
949
972
972
993
995
1003
1005
704
727
1049
1055
1057
1077
1077
1100
1100
1121
1122
1124
969
1050
1156
1167
1175
1197
1197
0
0
0
0
0
652
658
0
0
0
0
0
0
0
0
181
182
193
198
206
216
218
239
239
242
262
262
280
284
261
265
304
325
325
345
348
348
365
368
0
392
337
326
417
416
0
0
455
454
472
476
489
487
377
423
523
523
0
0
557
557
580
582
582
595
604
605
630
630
633
0
0
669
669
0
697
697
491
491
730
730
0
761
764
764
783
783
803
805
616
649
822
846
848
854
866
867
888
889
903
905
436
763
928
943
942
0
974
966
927
0
1008
1008
490
490
1041
1042
1064
1066
1066
0
0
1105
1108
1108
614
618
0
0
0
628
628
0
0
0
0
0
0
0
385
387
0
402
409
409
0
431
431
0
421
422
0
471
471
0
493
493
496
517
514
518
475
507
540
0
0
0
577
578
580
581
602
602
574
604
623
0
642
641
0
663
664
666
682
681
589
626
705
0
725
726
737
744
746
747
765
765
708
712
792
791
0
812
944
1074
972
1009
1023
1082
740
734
1082
0
945
875
1097
1097
1097
1009
897
898
734
715
0
1101
1101
0
1104
0
0
0
0
651
654
0
1104
1104
0
0
0
0
0
0
0
1107
1107
321
206
208
235
235
0
0
268
268
290
293
267
268
0
331
331
0
354
354
375
375
0
401
363
372
419
419
437
440
462
464
464
0
491
493
414
401
530
529
544
551
548
571
572
588
588
609
523
527
0
0
653
655
656
671
673
687
696
697
484
539
725
744
745
756
761
776
786
785
0
812
606
636
831
840
854
857
871
871
893
893
0
916
683
710
932
954
955
954
978
978
999
1001
1004
1018
781
795
1041
1043
0
1074
1073
1075
0
0
0
0
678
656
646
0
0
0
0
0
0
0
0
0
0
0
0
0
0
0
0
0
0
0
0
0
168
168
189
189
220
220
237
236
265
272
283
301
246
259
0
349
359
368
368
397
397
404
404
0
354
358
482
491
498
519
522
546
546
567
568
569
521
542
599
601
0
0
640
642
0
661
661
664
501
516
694
696
718
720
720
740
740
753
758
758
491
539
788
794
809
811
821
821
843
828
807
864
575
639
886
885
888
911
910
930
931
930
953
943
669
717
980
982
998
998
1008
1017
1019
1041
1041
1043
1030
1033
1067
1084
1084
1087
0
1118
1119
1121
0
0
731
734
0
0
0
655
657
0
0
0
0
0
0
0
0
0
0
0
0
0
0
0
0
0
0
231
231
244
253
252
280
280
282
306
306
306
273
293
344
357
360
385
387
388
412
413
422
430
379
388
454
0
485
485
498
503
525
526
536
538
476
482
572
572
585
585
0
613
614
614
0
0
455
492
657
669
680
679
700
699
0
726
729
727
593
597
761
761
0
786
788
793
0
817
816
831
681
665
857
856
878
880
880
897
902
901
0
934
868
859
957
958
960
980
979
980
1005
1005
1008
1026
777
726
0
1057
1057
0
0
0
0
0
0
0
779
757
647
643
0
0
0
0
0
0
0
1198
0
1198
0
0
0
0
0
0
0
0
0
442
443
460
460
476
476
498
499
496
518
521
543
533
501
504
0
577
585
605
606
618
624
625
644
647
612
629
673
0
0
711
710
732
732
733
731
732
632
659
759
758
761
0
779
780
782
0
0
0
738
727
806
803
0
0
0
0
0
845
847
849
675
684
0
0
0
0
0
0
0
0
0
0
705
705
0
0
0
0
0
527
568
563
577
659
661
668
708
608
603
768
846
643
703
622
698
683
654
643
670
643
652
627
687
694
0
0
0
0
0
0
0
0
0
0
0
0
0
0
0
0
0
0
0
0
0
0
0
0
0
0
0
0
0
0
0
0
0
0
0
0
0
0
0
0
0
0
0
0
0
0
0
0
0
0
0
0
0
0
0
0
0
0
0
0
0
0
0
0
0
0
0
0
0
0
0
0
0
0
0
0
0
0
0
0
0
0
0
0
0
0
0
0
0
0
0
0
0
0
0
0
0
0
0
0
0
0
0
0
0
0
0
0
0
0
0
0
0
0
0
0
0
0
0
0
0
0
0
0
0
0
0
0
0
0
0
0
0
0
0
0
0
0
0
0
0
0
0
0
0
0
0
0
0
0
0
0
0
0
0
0
0
0
0
0
0
0
0
0
0
0
0
0
0
0
0
0
0
0
0
0
0
0
0
0
0
0
0
0
0
0
0
0
0
0
0
0
0
0
0
0
0
0
0
0
0
0
0
0
0
0
0
0
0
0
0
0
0
0
0
0
0
0
0
0
0
0
0
0
0
0
0
0
0
0
0
0
0
0
0
0
0
0
0
0
0
0
0
0
0
0
0
0
0
0
0
0
0
0
0
0
0
0
0
0
0
0
0
0
0
0
0
0
0
0
0
0
0
0
0
0
0
0
0
0
0
0
0
0
0
0
0
0
0
0
0
0
0
0
0
0
0
0
0
0
0
0
0
0
0
0
0
0
0
0
0
0
0
0
0
0
0
0
0
0
0
0
0
92
93
92
94
93
135
135
0
162
166
180
183
0
206
210
197
197
251
251
263
271
273
293
293
317
319
318
293
303
348
362
362
390
390
405
408
418
420
446
365
374
469
469
493
493
506
512
0
533
533
551
480
498
575
590
589
613
610
603
0
0
658
658
509
525
694
700
699
721
721
733
746
746
766
765
694
701
792
813
813
0
845
846
858
862
0
891
634
636
909
931
932
943
944
969
971
972
975
0
702
700
1028
1035
1036
1050
1055
1078
1078
1100
1103
1102
687
707
1130
1154
1153
1156
0
1186
1186
0
0
0
698
713
644
646
0
0
0
0
0
0
0
0
0
102
102
105
124
134
142
0
165
165
180
190
153
174
220
221
229
249
253
275
275
284
296
297
247
249
341
340
356
338
377
380
400
402
402
421
368
372
447
448
476
477
479
496
502
522
522
524
436
439
0
580
589
589
0
0
0
634
634
655
439
486
672
691
695
713
713
0
733
732
745
0
524
538
0
808
807
810
840
843
849
860
860
887
561
591
902
925
926
928
929
958
958
975
982
995
659
692
0
1039
1038
1053
1050
1076
1076
0
1136
1102
898
877
1129
1152
1151
0
1184
1186
1186
0
0
0
794
811
0
625
626
0
0
0
0
0
0
0
0
0
0
225
241
240
263
258
282
283
305
313
277
286
346
351
368
382
388
412
411
421
431
432
370
383
470
502
502
0
528
527
530
548
548
0
418
441
581
581
593
600
600
0
622
621
633
639
455
493
661
662
0
0
0
703
705
705
0
726
489
483
741
0
0
769
770
780
786
787
785
811
568
543
832
831
835
850
851
0
872
872
0
896
707
707
0
0
0
935
936
937
957
957
959
960
728
751
985
1005
1006
1008
0
1031
1031
1028
0
0
953
987
1072
0
0
0
0
952
991
960
638
646
0
0
0
0
273
273
0
301
301
319
327
334
331
346
363
381
381
407
409
410
0
438
442
0
298
456
482
505
505
523
524
545
546
562
564
586
585
597
609
614
631
640
648
663
672
671
697
696
659
650
740
742
742
0
779
781
791
796
818
818
726
726
859
859
862
890
890
893
921
923
924
944
682
657
0
966
968
970
986
985
988
1005
1007
1008
686
686
0
0
0
0
0
0
637
644
0
0
0
0
0
0
0
0
0
0
0
0
0
0
207
206
210
235
235
0
0
268
268
290
293
292
263
270
331
331
0
354
354
374
374
364
389
404
347
342
418
440
440
461
457
449
0
491
494
507
449
475
530
547
551
550
571
570
588
588
609
611
447
452
0
653
655
656
675
676
683
696
698
0
630
637
745
745
757
759
769
785
785
0
812
813
637
638
852
851
858
866
871
885
894
0
913
916
718
736
954
955
957
977
977
998
1000
1003
1018
1017
720
755
1042
0
1073
1073
1076
0
0
0
0
0
646
646
0
0
0
0
0
0
0
0
0
0
0
0
0
0
0
0
0
0
0
0
0
167
167
186
189
220
220
243
243
265
273
283
298
306
274
268
349
358
370
370
397
397
428
428
0
462
399
414
490
504
517
522
546
546
567
568
570
0
444
453
601
0
0
639
639
642
662
661
664
0
683
687
696
717
720
721
740
740
757
758
760
0
571
548
799
809
812
823
823
844
843
837
844
863
678
689
886
908
911
911
930
931
930
946
953
942
695
731
982
999
998
1014
1017
996
1034
1039
1043
1064
848
834
1085
1085
1088
1085
1119
1119
0
0
0
0
727
730
0
187
652
645
0
0
0
0
0
0
0
0
0
0
0
0
0
0
0
0
0
0
230
230
252
252
253
275
282
281
302
306
308
0
295
296
360
360
385
387
388
412
414
426
430
443
379
372
0
484
485
501
503
525
526
530
543
544
427
483
572
584
585
0
613
614
616
0
0
0
514
529
677
679
679
699
700
697
718
716
724
748
630
643
762
0
788
788
790
814
816
817
834
834
636
696
856
878
880
881
901
902
904
0
934
936
606
643
958
960
980
980
0
1005
1005
0
1026
1026
585
607
1058
1058
284
284
0
0
762
762
574
815
625
636
640
0
0
0
0
0
0
0
0
0
0
0
0
0
0
0
0
0
0
0
442
443
457
460
477
477
498
500
501
522
522
543
543
561
547
531
585
585
606
606
620
624
626
646
647
670
655
653
0
0
711
712
725
732
734
0
0
0
684
693
761
0
775
780
781
783
0
0
0
806
759
680
0
0
0
0
0
0
846
847
848
0
641
641
0
0
0
0
0
0
0
0
0
0
685
685
0
0
0
0
0
0
0
741
738
643
668
649
627
670
690
665
675
603
641
655
648
647
658
662
562
710
698
731
806
806
0
0
0
0
0
0
0
0
0
0
0
0
0
0
0
0
0
0
0
0
0
0
0
0
0
0
0
0
0
0
0
0
0
0
0
0
0
0
0
0
0
0
0
0
0
0
0
0
0
0
0
0
0
0
0
0
0
0
0
0
0
0
0
0
0
0
0
0
0
0
0
0
0
0
0
0
0
0
0
0
0
0
0
0
0
0
0
0
0
0
0
0
0
0
0
0
0
0
0
0
0
0
0
0
0
0
0
0
0
0
0
0
0
0
0
0
0
0
0
0
0
0
0
0
0
0
0
0
0
0
0
0
0
0
0
0
0
0
0
0
0
0
0
0
0
0
0
0
0
0
0
0
0
0
0
0
0
0
0
0
0
0
0
0
0
0
0
0
0
0
0
0
0
0
0
0
0
0
0
0
0
0
0
0
0
0
0
0
0
0
0
0
0
0
0
0
0
0
0
0
0
0
0
0
0
0
0
0
0
0
0
0
0
0
0
0
0
0
0
0
0
0
0
0
0
0
0
0
0
0
0
0
0
0
0
0
0
0
0
0
0
0
0
0
0
0
0
0
0
0
0
0
0
0
0
0
0
0
0
0
0
0
0
0
0
0
0
0
0
0
0
0
0
0
0
0
0
0
0
0
0
0
0
0
0
0
0
0
0
0
0
0
0
0
0
0
0
0
0
0
0
0
0
0
0
0
0
0
0
0
0
0
0
0
0
0
0
0
0
0
0
0
0
0
0
0
0
0
0
0
0
0
0
0
0
0
0
0
0
0
0
0
0
0
0
0
0
0
0
0
0
0
0
0
0
0
0
0
0
0
0
0
0
0
0
0
0
0
0
0
0
0
0
0
0
0
0
0
0
0
0
0
0
0
0
0
0
0
0
0
0
0
0
0
0
0
0
0
0
0
0
0
0
0
0
0
0
0
0
0
0
0
0
0
0
0
0
0
0
0
0
0
0
0
0
0
0
0
0
0
0
0
0
0
0
0
0
0
0
0
0
0
0
0
0
0
0
0
0
0
0
0
0
0
0
0
0
0
0
0
0
0
0
0
0
0
0
0
0
0
0
0
0
0
0
0
0
0
0
0
0
0
0
0
0
0
0
0
0
0
0
0
0
0
0
0
0
0
0
0
0
0
0
0
0
0
0
0
0
0
0
0
0
0
0
0
0
0
0
0
0
0
0
0
0
0
0
0
0
0
0
0
0
0
0
0
0
0
0
0
0
0
0
0
0
0
0
0
0
0
0
0
0
0
0
208
208
214
235
235
0
0
268
267
0
293
292
238
254
331
333
343
354
354
374
375
0
402
404
379
381
429
440
440
462
464
465
488
491
495
507
426
476
530
547
516
550
571
571
588
588
608
573
600
502
0
653
655
655
673
675
691
696
697
0
648
652
745
745
759
762
782
785
785
791
812
812
734
729
852
851
857
867
871
893
894
897
916
916
746
753
954
955
957
977
977
998
996
1002
1017
1018
758
779
1043
0
1073
1073
1075
0
0
0
0
0
648
647
0
0
0
0
0
0
0
0
0
0
0
0
0
0
0
0
0
0
0
0
0
167
167
185
189
220
220
243
243
265
274
267
289
306
260
262
349
359
367
371
397
397
427
427
0
462
373
394
469
504
519
522
546
546
567
568
570
0
412
429
601
0
0
638
638
0
662
661
664
0
461
495
696
718
720
718
740
740
757
758
728
0
557
556
802
809
812
821
818
831
844
843
863
863
747
765
886
908
911
910
930
931
930
954
953
956
679
707
982
999
999
1014
1018
1020
1040
1039
0
1061
978
949
1085
1085
0
0
1119
1119
951
1034
0
0
707
776
0
0
652
647
0
0
0
0
0
0
0
0
0
0
0
0
0
0
0
0
0
0
231
230
247
252
254
280
281
283
306
306
309
0
314
305
360
360
385
387
388
412
413
427
429
451
387
376
0
485
485
500
503
525
526
537
540
544
362
490
571
581
586
0
613
614
616
0
0
0
522
508
674
680
679
699
699
702
726
728
729
748
671
683
762
0
787
787
0
814
816
817
834
834
604
644
857
878
879
880
890
901
0
0
934
936
602
618
958
960
980
980
0
1005
1005
1008
1026
1026
606
614
1058
1058
0
0
0
0
0
0
0
0
652
649
638
0
0
0
0
0
0
0
0
0
0
0
0
0
0
0
0
0
0
0
442
444
458
458
476
476
498
500
500
522
522
542
544
536
529
520
585
585
605
606
617
625
0
647
647
669
610
614
0
704
710
710
728
732
731
0
0
0
618
636
758
757
0
780
781
783
783
783
0
806
724
706
808
0
0
0
0
0
846
848
848
0
668
696
0
0
0
0
0
0
0
0
0
0
694
694
0
0
0
0
0
0
0
0
0
0
634
634
0
0
820
731
677
653
672
701
709
723
596
599
733
699
593
580
603
588
612
614
579
597
587
671
0
0
0
0
0
0
0
0
0
0
0
0
0
0
0
0
0
0
0
0
0
0
0
0
0
0
0
0
0
0
0
0
0
0
0
0
0
0
0
0
0
0
0
0
0
0
0
0
0
0
0
0
0
0
0
0
0
0
0
0
0
0
0
0
0
0
0
0
0
0
0
0
0
0
0
0
0
0
0
0
0
0
0
0
0
0
0
0
0
0
0
0
0
0
0
0
0
0
0
0
0
0
0
0
0
0
0
0
0
0
0
0
0
0
0
0
0
0
0
0
0
0
0
0
0
0
0
0
0
0
0
0
0
0
0
0
0
0
0
0
0
0
0
0
0
0
0
0
0
0
0
0
0
0
0
0
0
0
0
0
0
0
0
0
0
0
0
0
0
0
0
0
0
0
0
0
0
0
0
0
0
0
0
0
0
0
0
0
0
0
0
0
0
0
0
0
0
0
0
0
0
0
0
0
0
0
0
0
0
0
0
0
0
0
0
0
0
0
0
333
334
355
359
359
384
385
388
390
415
426
435
444
457
462
466
484
481
511
462
459
534
535
557
557
575
575
589
596
0
624
580
596
646
664
668
669
692
696
702
711
734
732
551
601
765
778
779
799
799
802
832
832
852
852
663
670
876
0
907
907
927
926
948
948
0
0
650
650
0
0
0
635
635
0
0
0
0
0
0
0
0
0
0
0
0
0
0
0
0
0
0
0
0
0
0
0
0
0
0
0
0
0
0
0
0
0
0
0
0
0
0
0
0
0
0
0
0
0
0
0
0
0
0
0
0
0
0
0
0
0
0
0
0
0
0
0
0
0
0
0
0
0
0
0
0
0
0
0
0
0
0
0
0
0
0
0
0
0
0
0
0
0
0
0
0
0
0
0
0
0
0
0
0
0
0
0
0
0
0
0
0
0
0
0
0
0
0
0
0
0
0
0
0
0
0
0
0
0
444
444
460
460
477
477
497
500
500
515
522
522
496
497
561
562
564
580
585
587
605
606
619
0
568
590
647
649
671
672
673
0
0
701
701
726
661
664
0
0
758
758
760
779
780
781
784
0
788
788
809
0
0
0
838
847
846
0
0
0
710
710
0
0
0
0
0
0
0
0
0
0
642
630
0
0
498
488
474
576
682
700
682
616
619
574
759
703
646
681
668
619
654
729
756
697
722
705
0
0
0
0
0
0
0
0
0
0
0
0
0
0
0
0
0
0
0
0
0
0
0
0
0
0
0
0
0
0
0
0
0
0
0
0
0
0
0
0
0
0
0
0
0
0
0
0
0
0
0
0
0
0
0
0
0
0
0
0
0
0
0
0
0
0
0
0
0
0
0
0
0
0
0
0
0
0
0
0
0
0
0
0
0
0
0
0
0
0
0
0
0
0
0
0
0
0
0
0
0
0
0
0
0
0
0
0
0
0
0
0
0
0
0
0
0
0
0
0
0
0
0
0
0
0
0
0
0
0
0
0
0
0
0
0
0
0
0
0
0
0
0
0
0
0
0
0
0
0
0
0
0
0
0
0
0
0
0
0
0
0
0
0
0
0
0
0
0
0
0
0
0
0
0
0
0
0
0
0
0
0
0
0
0
0
0
0
0
0
0
0
0
0
0
0
0
0
0
0
0
0
0
0
0
0
0
0
0
0
0
0
0
0
0
0
0
0
0
0
0
0
0
0
0
0
0
0
0
0
0
0
0
0
0
0
0
0
0
0
0
0
0
0
0
0
0
0
0
0
0
0
0
0
0
0
0
0
0
0
0
0
0
0
0
0
0
0
0
0
0
0
0
0
0
0
0
0
0
0
0
0
0
0
0
0
0
0
0
0
0
0
0
0
0
0
0
239
242
241
263
263
266
291
292
316
316
265
0
354
314
310
372
398
397
422
424
431
438
461
462
464
385
390
510
514
529
537
546
553
0
582
589
595
495
503
0
625
625
0
645
648
648
665
668
668
486
519
689
690
0
0
718
717
720
720
720
742
623
612
0
775
777
777
0
0
805
805
0
824
576
566
844
846
847
0
865
868
870
0
891
891
756
767
0
924
924
926
0
947
947
947
968
969
640
649
993
994
995
994
1015
1015
1013
0
0
1048
839
817
0
0
0
0
0
0
669
638
635
0
0
0
0
0
0
0
0
0
0
0
0
443
444
451
470
477
493
495
504
522
521
544
552
563
508
529
586
606
605
618
625
647
647
666
672
674
590
636
710
732
732
0
758
758
0
781
781
0
664
682
0
804
805
805
807
808
0
0
0
0
726
726
0
849
849
848
848
848
848
792
736
0
705
700
0
0
0
0
0
0
0
0
0
0
675
675
0
604
632
632
714
701
681
693
641
660
585
603
0
0
0
0
0
0
0
0
0
0
0
0
0
0
0
0
0
0
0
0
0
0
0
0
0
0
0
0
0
0
0
0
0
0
0
0
0
0
0
0
0
0
0
0
0
0
0
0
0
0
0
0
0
0
0
0
0
0
0
0
0
0
0
0
0
0
0
0
0
0
0
0
0
0
0
0
0
0
0
0
0
0
0
0
0
0
0
0
0
0
0
0
0
0
0
0
0
0
0
0
0
0
0
0
0
0
0
0
0
0
0
0
0
0
0
0
0
0
0
0
0
0
0
0
0
0
0
0
0
0
0
0
0
0
0
0
0
0
0
0
0
0
0
0
0
0
0
0
0
0
0
0
0
0
0
0
0
0
0
0
0
0
0
0
0
0
0
0
0
0
0
0
0
0
0
0
0
0
0
0
0
0
0
0
0
0
0
0
0
0
0
0
0
0
0
0
0
0
0
0
0
0
0
0
0
0
0
0
0
0
0
0
0
0
0
0
0
0
0
0
0
0
0
0
0
0
0
0
0
0
0
0
0
0
0
0
0
0
0
0
0
0
0
0
0
0
0
0
0
0
0
0
0
0
0
0
0
0
0
0
0
0
0
0
0
0
0
0
0
0
0
0
0
0
0
0
0
0
0
0
0
0
0
0
0
0
0
0
0
0
0
0
0
0
0
0
0
0
0
0
0
0
0
0
0
0
0
0
0
0
0
0
0
0
0
0
0
0
0
0
0
0
0
0
0
0
0
0
0
0
0
0
0
0
0
0
0
0
0
0
0
0
0
0
0
0
0
0
0
0
0
0
0
0
0
0
0
0
0
0
0
0
0
0
0
0
0
0
0
0
0
0
0
0
0
0
0
0
0
0
0
0
0
0
0
0
0
0
0
0
0
0
0
0
0
0
0
0
0
0
0
0
0
0
0
0
0
0
0
0
0
0
0
0
0
0
0
0
0
0
0
0
0
0
0
0
0
0
0
0
0
0
0
0
0
0
0
0
0
0
0
0
0
0
0
0
0
0
0
0
0
0
0
0
0
0
0
0
0
0
0
0
0
0
0
0
0
0
0
0
0
0
0
0
0
0
0
0
0
0
0
0
0
0
0
0
0
0
0
0
0
0
0
0
0
0
0
0
0
0
0
0
0
0
0
0
0
0
0
0
0
0
0
0
0
0
0
0
0
0
0
0
0
0
0
0
0
0
0
0
0
0
0
0
0
0
0
0
0
0
0
0
0
0
0
0
0
0
0
0
0
0
0
0
0
0
0
0
0
0
0
0
0
0
0
0
0
0
0
0
0
0
0
0
0
0
0
0
0
0
0
0
0
0
0
0
0
0
0
0
0
0
0
0
0
0
0
0
0
0
0
0
0
0
0
0
0
0
0
0
0
0
0
0
0
0
0
0
0
0
0
0
0
0
0
0
0
0
0
0
0
0
0
0
0
0
0
0
0
0
0
0
0
0
0
0
0
0
0
0
0
0
0
0
0
0
0
0
0
0
0
0
0
0
0
0
0
0
0
0
0
0
0
0
0
0
0
0
0
0
0
0
0
0
0
0
0
0
0
0
0
0
0
0
0
0
0
0
0
0
0
0
0
0
0
0
0
0
0
0
0
0
0
0
0
0
0
0
0
0
0
0
0
0
0
0
0
0
0
0
0
0
0
0
0
0
0
0
0
0
0
0
0
0
0
0
0
0
0
0
0
0
0
0
0
0
0
0
0
0
0
0
0
0
0
0
0
0
0
0
0
0
0
0
0
0
0
0
0
0
0
0
0
0
0
0
0
0
0
0
0
0
0
0
0
0
0
0
0
0
0
0
0
0
0
0
0
0
0
0
0
0
0
0
0
0
0
0
0
0
0
0
0
0
0
0
0
0
0
0
0
0
0
0
0
0
0
0
0
0
0
0
0
0
0
0
0
0
0
0
0
0
0
0
0
0
0
0
0
0
0
0
0
0
0
0
0
0
0
