0
0
0
0
0
0
0
0
0
0
0
0
0
0
0
0
0
0
0
0
0
0
0
0
0
0
0
0
0
0
0
0
0
0
0
0
0
0
0
0
0
0
0
0
0
0
0
0
0
0
0
0
0
0
0
0
47
226
31
1
0
0
0
0
0
0
0
0
158
0
0
0
0
0
0
0
0
0
0
0
112
0
0
0
0
4
24
42
72
1
43
7
156
0
0
0
0
23
4
2
10
7
4
3
74
0
0
0
0
11
2
0
2
6
1
31
36
0
0
0
4
9
5
18
278
130
46
52
0
0
0
0
0
0
0
0
0
0
0
0
0
0
0
0
0
0
0
0
0
0
0
0
0
0
0
0
0
0
0
0
0
0
0
0
0
0
0
0
0
0
0
0
0
0
0
0
0
0
0
0
0
0
0
0
0
0
0
0
0
0
0
0
0
0
0
0
0
0
0
0
0
0
0
0
0
0
0
0
0
0
0
0
0
0
0
0
0
0
0
0
0
0
0
0
0
0
0
0
0
0
0
0
0
0
0
0
0
0
0
0
0
0
0
0
0
0
0
0
0
0
0
0
0
0
0
0
0
0
0
0
0
0
0
0
0
0
0
0
0
0
0
0
0
0
0
0
0
0
0
0
0
0
0
0
0
0
0
0
0
0
0
0
0
0
0
0
0
0
0
0
0
0
0
0
0
0
0
0
0
0
0
0
0
0
0
0
0
0
0
0
0
0
0
0
0
0
0
0
0
0
0
0
0
0
0
0
0
0
0
0
0
0
0
0
0
0
0
0
0
0
0
0
0
0
0
0
0
0
0
0
0
0
0
0
0
0
0
0
0
0
0
0
0
0
0
0
0
0
0
0
0
0
0
0
0
0
0
0
0
0
0
0
0
0
0
0
0
0
0
0
0
0
0
0
0
0
0
0
0
0
0
0
0
0
0
0
0
0
0
0
0
0
0
0
0
0
0
0
0
0
0
0
0
0
0
0
0
0
0
0
0
0
0
0
0
0
0
0
0
0
0
0
0
0
0
0
0
0
0
0
0
0
0
0
0
0
0
0
0
0
0
0
0
0
0
0
0
0
0
0
0
0
0
0
0
0
0
0
0
0
0
0
0
0
0
0
0
0
0
0
0
0
0
0
0
0
0
0
0
0
0
0
0
0
0
0
0
0
0
0
0
0
0
0
0
0
0
0
0
0
0
0
0
0
0
0
0
0
0
0
0
0
0
0
0
0
0
0
0
0
0
0
0
0
0
0
0
0
0
0
0
0
0
0
0
0
0
0
0
0
0
0
0
0
0
0
0
0
0
0
0
0
0
0
0
0
0
0
0
0
0
0
0
0
0
0
0
0
0
0
0
0
0
0
0
0
0
0
0
0
0
0
0
0
0
0
0
0
0
0
0
0
0
0
0
0
0
0
0
0
0
0
0
0
0
0
0
0
0
0
0
0
0
0
0
0
0
0
0
0
0
0
0
0
0
0
0
0
0
0
0
0
0
0
0
0
0
0
0
0
0
0
0
0
0
0
0
0
0
0
0
0
0
0
0
0
0
0
0
0
0
0
0
0
0
0
0
0
0
0
0
0
0
0
0
0
0
0
0
0
0
0
0
0
0
0
0
0
0
0
0
0
0
0
0
0
0
0
0
0
0
0
0
0
0
0
0
0
0
0
0
0
0
0
0
0
0
0
0
0
23
95
17
113
121
39
40
140
32
118
65
46
105
230
140
141
93
76
17
164
30
22
194
115
44
552
1
32
194
49
10
233
53
106
57
18
86
675
22
251
48
45
31
85
45
189
16
75
77
507
192
42
8
123
55
28
189
57
29
14
197
1064
13
0
0
3
143
48
114
119
54
35
150
1107
51
101
27
23
155
46
30
51
201
26
70
1363
36
106
138
21
256
223
115
88
139
40
76
1424
37
110
15
72
122
88
77
22
126
20
98
1738
23
109
38
0
16
2
11
0
11
709
7619
0
0
0
0
0
0
0
0
0
0
0
0
200
26
197
75
85
123
240
190
89
191
77
103
688
99
255
115
118
198
82
118
87
136
130
60
1058
159
165
200
158
17
149
57
83
129
52
97
1092
9
0
8
128
51
20
13
73
291
65
22
1042
1
1
22
30
109
101
31
11
9
0
7
917
73
47
29
159
86
48
93
92
48
252
108
1435
24
187
21
34
183
208
45
6
171
114
32
1422
205
26
100
189
62
155
22
175
161
91
67
2009
23
87
93
12
117
111
191
49
227
159
91
898
47
165
22
52
195
31
84
99
26
81
792
9452
0
0
0
0
0
0
0
0
0
0
0
0
0
16
60
143
67
156
9
41
141
72
95
285
28
209
17
30
23
185
13
4
350
13
7
450
169
28
102
154
20
30
39
121
26
29
35
698
59
19
8
67
144
51
50
181
30
39
192
603
12
271
47
0
0
2
106
60
35
60
122
822
42
31
124
27
10
32
113
55
100
87
80
1047
146
37
71
47
32
129
87
23
83
84
152
1555
150
56
51
34
196
50
113
86
27
47
160
1566
34
8
175
1
3
14
146
70
27
158
213
905
40
30
65
98
37
18
2
19
1
2
683
7170
0
0
0
91
40
186
80
32
171
55
49
408
14
137
21
132
26
175
9
80
218
52
182
441
8
10
24
112
84
142
121
63
188
18
34
679
67
9
6
159
36
211
57
88
85
35
159
846
171
4
0
162
13
160
58
54
111
53
254
1076
16
212
30
81
79
69
28
180
38
32
89
1381
327
24
4
14
205
53
11
16
80
84
10
584
10
0
0
0
0
0
0
0
0
0
0
1063
5
0
0
37
2
645
5531
0
0
0
0
0
0
0
0
0
0
0
0
0
0
0
0
0
0
0
0
0
0
0
0
0
0
0
0
0
0
0
0
0
0
0
0
0
150
32
95
147
25
162
83
81
125
105
184
38
138
24
113
392
229
67
175
43
102
92
168
47
147
52
76
729
57
118
73
138
26
147
167
80
102
134
55
982
86
103
129
92
19
152
118
62
119
52
214
1075
5
0
83
135
37
116
85
17
152
38
7
997
28
103
33
63
161
48
35
95
97
55
200
1433
39
151
41
85
41
49
162
102
43
151
105
1321
140
78
16
125
118
12
222
48
43
31
154
1669
150
38
23
152
38
46
99
23
110
104
61
1704
58
130
25
135
85
52
167
23
5
49
9
954
954
9044
2
0
0
0
0
0
0
0
0
24
166
225
19
99
23
110
132
248
66
2
65
483
2
0
192
41
45
76
162
123
120
55
137
662
6
6
169
21
169
33
192
23
82
49
48
931
4
9
181
27
12
42
177
16
216
31
148
936
154
87
81
162
48
51
134
53
7
0
176
994
86
29
130
128
67
130
124
53
130
37
158
1330
17
142
24
137
127
80
116
31
333
96
30
1589
77
232
52
206
23
155
33
205
180
167
60
1733
91
79
94
42
124
41
189
58
88
110
31
1017
214
52
127
16
152
36
29
17
2
9
741
9144
0
0
0
0
0
0
0
0
7
74
79
160
170
71
85
53
229
100
90
221
33
245
23
439
42
13
185
47
80
192
83
227
17
22
224
425
116
278
18
16
21
203
66
143
102
208
139
477
8
203
16
13
28
199
57
41
283
77
22
536
18
142
44
16
8
14
133
42
40
208
74
663
12
149
20
6
41
198
24
106
33
183
178
931
64
49
116
144
73
128
57
230
47
155
70
769
160
26
171
44
47
199
87
6
23
191
36
1026
35
230
27
80
222
22
1
25
104
128
20
2152
5
0
2
679
7803
0
16
24
30
11
0
13
0
64
130
84
132
128
79
50
215
52
95
432
125
63
135
92
47
142
50
39
59
160
37
378
120
0
1
0
0
117
87
35
10
108
46
319
104
60
7
84
65
26
160
35
18
104
23
606
135
4
5
118
87
99
236
98
26
278
64
826
5
140
30
33
110
142
160
299
107
20
158
1292
161
59
129
193
82
102
155
148
194
83
78
1257
52
17
65
34
6
56
64
29
8
539
4367
73
27
40
0
63
87
0
4
17
20
22
88
110
167
49
23
182
33
2
14
182
48
101
290
351
5
5
139
41
38
301
43
126
66
44
116
576
211
89
29
132
17
113
80
34
10
148
53
921
23
162
50
64
93
56
240
54
143
28
72
881
13
0
2
63
105
44
355
103
208
168
34
1167
167
32
186
89
161
29
42
134
44
20
134
1349
71
95
74
155
48
146
29
90
17
25
252
1691
120
25
142
77
4
167
10
65
118
51
77
1342
148
49
17
5
195
66
19
12
28
26
15
2011
7616
0
0
0
0
0
0
0
0
0
0
0
0
0
0
0
0
0
0
0
0
0
0
94
19
144
31
130
26
224
51
112
86
74
187
544
118
74
149
77
67
31
147
20
180
40
58
983
31
130
93
61
161
26
162
30
119
99
23
396
145
91
2
4
0
55
68
35
179
62
9
1054
128
39
15
62
108
30
236
16
111
76
11
1149
178
94
56
189
34
76
27
157
83
48
61
1110
118
162
32
25
117
49
134
67
10
233
77
1531
73
62
37
167
63
57
44
22
140
55
26
691
78
10
132
50
13
0
116
75
17
3
35
1725
13
0
1
572
7434
5
0
0
0
0
0
0
0
0
0
0
0
0
0
0
0
0
0
0
153
68
116
94
34
93
123
26
281
114
24
413
148
44
123
24
65
161
23
136
70
70
43
882
88
9
8
173
61
99
27
80
83
68
98
700
19
204
6
104
33
31
121
82
6
7
1
962
186
87
131
254
21
282
16
5
43
136
23
1168
31
154
14
5
126
102
32
28
78
35
113
1222
54
137
23
91
104
50
103
39
3
0
55
754
36
119
79
12
85
63
18
128
34
12
194
1383
21
0
132
2
5
1
2
0
1
0
0
496
454
6968
0
0
0
0
32
32
0
0
48
48
0
0
0
0
0
0
0
0
0
0
97
65
155
0
64
17
137
76
21
162
59
68
71
593
86
49
96
21
87
31
63
61
30
158
46
599
166
25
21
30
199
88
232
86
11
84
52
879
131
125
63
15
22
94
42
28
16
39
27
938
114
36
5
0
6
14
11
36
77
78
86
934
11
2
8
5
7
21
16
6
3
6
9
368
37
6
20
11
3
11
392
456
414
377
366
1413
80
156
1465
140
129
94
273
106
398
538
392
1298
24
156
687
720
563
337
105
17
0
0
0
0
0
0
0
0
0
0
0
0
0
0
0
0
0
0
0
0
0
0
0
0
0
0
0
0
0
0
0
0
0
0
0
0
0
0
0
0
0
0
0
0
0
0
0
0
0
0
0
0
0
0
0
0
0
0
0
0
0
0
0
0
0
0
0
0
0
0
0
0
0
0
0
0
0
0
0
0
0
0
0
0
0
0
0
0
0
0
0
0
0
0
0
0
0
0
0
0
0
0
0
0
0
0
0
0
0
0
0
0
0
0
0
0
0
0
0
0
0
0
0
0
0
0
0
0
0
0
0
0
0
0
0
0
0
0
0
0
0
0
0
0
0
0
0
0
0
0
0
0
0
0
0
0
0
0
0
0
0
0
0
0
0
0
0
0
0
0
0
0
0
0
0
0
0
0
0
0
0
0
0
0
0
0
0
0
0
0
0
0
0
0
0
0
0
0
0
0
0
0
0
0
0
0
0
0
0
0
0
0
0
0
0
0
0
0
0
0
0
0
0
0
0
0
0
0
0
0
0
0
0
0
0
0
0
0
0
0
0
0
0
0
0
0
0
0
0
0
0
0
0
0
0
0
0
0
0
0
0
0
0
0
0
0
0
0
0
0
0
0
0
0
0
0
0
0
0
0
0
0
0
0
0
0
0
0
0
0
0
0
0
0
0
0
0
0
0
0
0
0
0
0
0
0
0
0
0
0
0
0
0
0
0
0
0
0
0
0
0
0
68
45
28
98
12
166
28
32
197
35
117
36
58
217
25
413
24
79
68
60
97
11
203
12
98
171
30
550
166
4
211
23
123
49
191
73
97
11
119
757
5
184
22
119
32
79
41
6
139
23
81
717
103
68
156
39
113
87
0
0
3
176
68
1131
69
68
77
20
93
67
100
123
9
73
28
783
87
11
148
7
8
148
45
77
30
42
166
1280
126
47
175
150
228
31
41
118
79
83
62
1909
92
72
130
52
119
29
136
17
26
233
87
2023
116
19
178
66
36
46
117
25
38
26
12
2398
706
9109
0
0
0
0
0
0
0
0
0
0
160
37
38
102
78
51
24
212
38
79
85
422
155
165
127
8
158
21
131
116
101
120
35
688
13
171
64
80
77
107
22
39
123
49
154
667
66
84
23
63
83
42
165
51
108
55
48
1238
16
14
38
139
48
12
0
12
168
3
140
915
124
33
159
26
121
61
44
247
42
13
37
1355
21
0
158
37
3
19
108
73
66
22
137
1160
130
21
138
62
45
14
133
62
152
72
63
1516
28
3
180
56
184
47
117
21
21
461
239
1518
199
17
137
49
17
33
139
27
5
29
2
1554
36
540
8617
6
0
0
0
0
0
0
0
0
3
16
106
168
98
202
44
121
54
122
146
470
50
107
84
119
203
22
131
88
104
68
17
821
141
9
157
26
32
173
76
27
251
41
49
819
13
166
25
38
78
27
27
171
51
76
89
999
118
102
32
32
6
14
52
148
48
43
242
1113
147
34
31
22
148
40
65
165
39
2
157
1038
33
166
38
20
101
74
22
188
49
83
39
1334
33
15
14
23
132
119
46
215
118
52
42
1627
105
12
103
73
46
36
294
60
14
13
38
646
149
81
70
54
32
124
346
13
975
7568
0
0
0
0
0
174
45
45
245
82
154
251
175
163
208
24
162
60
112
172
30
106
234
40
82
297
160
28
203
22
134
48
256
108
236
32
161
286
101
131
54
130
104
65
89
183
48
243
58
675
44
45
344
31
16
119
111
131
49
246
55
683
36
249
47
5
193
65
6
130
175
44
65
1309
61
96
140
120
24
203
74
20
60
72
37
1751
18
7
1
26
15
22
678
6547
0
0
0
0
0
0
0
0
0
0
0
0
0
0
0
145
77
20
178
17
18
26
169
51
46
336
25
374
4
200
62
49
348
44
134
63
101
133
136
747
96
12
150
15
85
134
43
47
184
56
115
612
215
15
72
90
74
220
53
230
79
74
167
929
14
0
85
128
22
375
147
193
143
11
14
900
33
223
73
190
42
46
138
53
63
161
11
1259
55
99
108
112
185
75
100
62
58
271
73
1592
32
143
56
11
201
45
95
123
63
100
36
1757
68
7
4
154
59
21
26
10
18
17
822
8160
0
0
0
0
0
0
0
0
0
0
0
0
0
0
0
0
0
0
0
0
0
0
138
96
200
26
219
25
249
36
125
137
70
203
95
586
61
205
93
96
47
200
14
190
46
26
189
711
169
122
61
176
42
199
28
161
114
57
6
949
40
2
2
0
77
75
44
215
61
16
0
552
41
6
72
127
50
262
62
132
68
22
8
1106
86
92
241
101
79
84
170
73
86
89
34
1160
118
21
37
146
40
179
108
119
266
103
83
1392
134
52
223
54
119
74
68
219
62
16
184
1383
14
172
56
43
4
178
28
14
33
0
30
1527
12
11
785
8231
0
0
0
0
0
0
0
0
0
0
0
0
0
0
0
0
0
0
0
222
48
134
88
54
124
139
59
337
108
11
20
572
46
151
15
105
168
50
219
102
134
119
161
709
8
13
184
32
104
33
119
108
57
113
73
752
251
36
146
25
24
177
87
20
22
17
21
1071
60
231
213
20
287
75
84
148
192
36
191
1107
180
7
16
105
111
29
82
121
62
123
49
1135
159
6
103
100
41
110
53
33
12
61
103
1122
134
73
35
140
36
33
165
49
73
237
113
1574
18
208
71
325
27
486
77
187
127
545
2
1609
7927
0
0
0
0
0
0
0
0
0
0
0
0
0
0
0
0
0
0
0
20
118
53
273
25
127
24
152
77
20
216
37
157
35
171
233
11
131
28
140
59
97
76
64
218
45
72
580
20
7
36
241
78
281
77
98
3
2
47
540
63
11
9
30
103
39
22
28
20
8
358
302
51
32
11
10
12
33
29
117
88
27
18
726
1
0
0
4
3
18
13
16
10
5
8
721
2
0
0
5
4
0
1
3
442
277
415
923
27
64
225
348
489
504
648
528
603
692
513
1114
24
85
224
339
139
104
76
31
17
6
1
0
0
0
0
0
0
0
0
0
0
0
0
0
0
0
0
0
0
0
0
0
0
0
0
0
0
0
0
0
0
0
0
0
0
0
0
0
0
0
0
0
0
0
0
0
0
0
0
0
0
0
0
0
0
0
0
0
0
0
0
0
0
0
0
0
0
0
0
0
0
0
0
0
0
0
0
0
0
0
0
0
0
0
0
0
0
0
0
0
0
0
0
0
0
0
0
0
0
0
0
0
0
0
0
0
0
0
0
0
0
0
0
0
0
0
0
0
0
0
0
0
0
0
0
0
0
0
0
0
0
0
0
0
0
0
0
0
0
0
0
0
0
0
0
0
0
0
0
0
0
0
0
0
0
0
0
0
0
0
0
0
0
0
0
0
0
0
0
0
0
0
0
0
0
0
0
0
0
0
0
0
0
0
0
0
0
0
0
0
0
0
0
0
0
0
0
0
0
0
0
0
0
0
0
0
0
0
0
0
0
0
0
0
0
0
0
0
0
0
0
0
0
0
0
0
0
0
0
0
0
0
0
0
0
0
0
0
0
0
0
0
0
0
0
0
0
0
0
0
0
0
0
0
0
0
0
0
0
0
0
0
0
0
0
0
0
0
0
0
0
0
0
0
0
0
0
0
0
0
0
0
0
0
0
0
0
0
0
0
0
0
0
0
0
0
0
0
0
0
0
0
0
0
0
0
0
0
0
0
0
0
0
0
0
0
0
0
0
0
0
0
0
0
0
0
0
0
0
0
0
0
0
0
0
0
0
0
0
0
0
0
0
0
0
0
0
0
0
0
0
0
0
0
0
0
0
0
0
0
0
0
0
0
0
0
0
0
0
0
0
0
0
0
0
0
0
0
0
0
0
0
0
0
0
0
0
0
0
0
0
0
0
0
0
0
0
0
0
0
0
0
0
0
0
0
0
0
0
0
0
0
0
0
0
0
0
0
0
0
0
0
0
0
0
0
0
0
0
0
0
0
0
0
0
0
0
0
0
0
0
0
0
0
0
0
0
0
0
0
0
0
0
0
0
0
0
0
0
0
0
0
0
0
0
0
0
0
0
0
0
0
0
0
0
0
0
0
0
0
0
0
0
0
0
0
0
0
0
0
0
0
0
0
0
0
0
0
0
0
0
0
0
0
0
0
0
0
0
0
0
0
0
0
0
0
0
0
0
0
0
0
0
0
0
0
0
0
0
0
0
0
0
0
0
0
0
0
0
0
0
0
0
0
0
0
0
0
0
0
0
1
160
55
30
190
24
10
28
219
32
39
360
66
159
6
192
99
36
342
25
149
37
60
135
146
480
53
25
142
25
101
127
76
112
188
70
155
507
220
36
102
83
48
270
38
212
115
93
133
544
3
4
102
174
54
371
119
289
179
39
90
949
24
244
65
172
50
52
129
80
30
215
21
1258
39
114
139
92
178
40
109
88
82
338
42
1429
20
170
52
11
191
40
106
111
41
89
38
1563
42
4
2
190
43
16
12
7
17
8
952
8267
0
0
0
0
0
0
0
0
0
0
0
0
0
0
0
0
0
0
0
0
0
0
142
113
229
38
194
36
273
37
145
117
119
210
101
616
62
180
136
100
28
215
37
226
46
34
177
661
221
127
41
168
18
165
50
200
103
65
8
819
36
6
4
1
78
49
41
204
48
15
3
880
60
8
102
127
54
278
66
156
63
62
102
1167
83
72
238
94
90
62
212
144
56
95
35
937
114
15
85
184
33
194
110
37
255
102
21
1367
129
44
215
43
119
68
40
203
42
28
208
1025
23
173
20
17
5
189
21
56
10
16
59
1443
1
0
874
8473
0
0
0
0
0
0
0
0
0
0
0
0
0
0
0
0
0
0
0
238
45
139
90
31
168
105
45
390
66
13
24
456
40
146
22
97
173
62
220
82
107
58
167
645
6
5
180
21
96
48
103
97
94
160
68
738
241
74
118
37
25
167
81
10
25
2
32
1139
72
208
230
50
356
66
5
48
165
32
156
857
153
15
11
131
48
51
64
128
13
151
60
1407
159
8
88
102
56
112
46
19
30
102
124
1340
131
75
47
137
26
23
174
35
30
216
12
1482
32
191
0
30
5
2
6
7
8
4
1
1605
7636
0
0
0
0
0
0
0
0
0
0
0
0
0
0
0
0
0
0
0
1
110
38
262
17
99
14
163
125
32
200
50
138
61
210
435
16
123
38
144
44
61
55
41
208
75
92
777
21
2
24
197
75
284
105
24
11
9
3
754
121
36
2
16
86
60
36
43
27
6
294
704
35
10
0
8
7
22
29
97
85
38
27
839
15
0
0
0
2
0
10
12
7
6
0
759
3
1
0
0
5
8
0
8
2
0
0
692
7
11
30
171
386
643
531
514
664
554
463
1780
2
187
361
601
373
419
398
388
267
185
110
55
0
0
0
0
0
0
0
0
0
0
0
0
0
0
0
0
0
0
0
0
0
0
0
0
0
0
0
0
0
0
0
0
0
0
0
0
0
0
0
0
0
0
0
0
0
0
0
0
0
0
0
0
0
0
0
0
0
0
0
0
0
0
0
0
0
0
0
0
0
0
0
0
0
0
0
0
0
0
0
0
0
0
0
0
0
0
0
0
0
0
0
0
0
0
0
0
0
0
0
0
0
0
0
0
0
0
0
0
0
0
0
0
0
0
0
0
0
0
0
0
0
0
0
0
0
0
0
0
0
0
0
0
0
0
0
0
0
0
0
0
0
0
0
0
0
0
0
0
0
0
0
0
0
0
0
0
0
0
0
0
0
0
0
0
0
0
0
0
0
0
0
0
0
0
0
0
0
0
0
0
0
0
0
0
0
0
0
0
0
0
0
0
0
0
0
0
0
0
0
0
0
0
0
0
0
0
0
0
0
0
0
0
0
0
0
0
0
0
0
0
178
45
95
141
46
133
97
206
87
101
139
143
45
82
127
26
177
63
214
455
87
119
23
178
40
195
65
207
25
21
181
434
152
40
114
86
21
219
91
142
45
167
65
870
197
70
102
47
181
95
9
182
35
216
39
1255
44
10
15
195
27
133
56
221
57
31
37
955
9
14
9
544
5292
0
0
0
0
0
0
0
0
0
0
0
0
0
0
0
0
0
0
0
0
0
0
0
0
0
0
0
0
0
0
0
0
0
0
0
0
0
0
0
0
0
0
0
0
0
0
0
0
0
0
0
0
0
0
0
0
0
0
0
0
0
0
0
0
0
0
0
0
0
0
0
0
0
0
0
0
0
0
1
1
0
0
0
0
0
0
0
0
0
0
0
0
0
0
0
0
0
0
0
0
0
0
0
0
0
0
0
0
0
0
0
0
0
0
0
0
0
0
0
0
0
0
0
0
4
16
133
23
198
36
82
29
44
135
112
111
89
18
499
22
84
76
57
101
41
17
93
48
54
42
521
154
60
21
213
86
23
3
12
235
138
127
1003
8
9
0
167
55
14
51
81
18
17
14
617
35
10
0
0
17
29
136
32
33
3
2
737
11
0
9
2
3
6
12
0
4
4
13
913
24
26
0
76
188
376
352
384
818
525
786
1394
49
55
162
284
214
328
155
184
302
272
205
609
0
0
0
0
0
0
0
0
0
0
0
0
0
0
0
0
0
0
0
0
0
0
0
0
0
0
0
0
0
0
0
0
0
0
0
0
0
0
0
0
0
0
0
0
0
0
0
0
0
0
0
0
0
0
0
0
0
0
0
0
0
0
0
0
0
0
0
0
0
0
0
0
0
0
0
0
0
0
0
0
0
0
0
0
0
0
0
0
0
0
0
0
0
0
0
0
0
0
0
0
0
0
0
0
0
0
0
0
0
0
0
0
0
0
0
0
0
0
0
0
0
0
0
0
0
0
0
0
0
0
0
0
0
0
0
0
0
0
0
0
0
0
0
0
0
0
0
0
0
0
0
0
0
0
0
0
0
0
0
0
0
0
0
0
0
0
0
0
0
0
0
0
0
0
0
0
0
0
0
0
0
0
0
0
0
0
0
0
0
0
0
0
0
0
0
0
0
0
0
0
0
0
0
0
0
0
0
0
0
0
0
0
0
0
0
0
0
0
0
0
0
0
0
0
0
0
0
0
0
0
0
0
0
0
0
0
0
0
0
0
0
0
0
0
0
0
0
0
0
0
0
0
0
0
0
0
0
0
0
0
0
0
0
0
0
0
0
0
0
0
0
0
0
0
0
0
0
0
0
0
0
0
0
0
0
0
0
0
0
0
0
0
0
0
0
0
0
0
24
188
28
140
42
23
156
47
305
60
21
12
156
727
66
6
146
31
61
126
112
74
140
88
23
691
46
86
66
86
114
124
58
27
159
153
79
1027
13
5
138
9
12
97
104
41
50
287
65
1148
150
81
31
0
18
159
47
14
181
11
120
854
64
29
74
80
18
10
22
192
25
8
107
1345
8
65
65
20
19
119
57
9
45
110
26
549
44
0
85
30
16
12
234
67
4
56
57
1637
1
83
150
57
20
135
19
0
2
0
144
1233
14
2
0
7
0
16
0
457
6766
5
0
0
0
0
0
0
0
0
0
0
0
1
60
100
140
90
19
117
148
71
148
31
86
80
183
491
87
6
111
52
60
18
147
78
336
103
69
700
139
62
278
5
7
188
32
21
96
10
0
956
13
4
133
195
80
63
20
8
9
3
5
351
27
9
44
47
22
5
70
13
11
0
16
830
12
0
0
11
0
0
0
0
0
4
0
234
8
1
603
690
683
202
188
409
114
225
142
676
8
12
0
1
1
3
1
0
0
0
0
0
0
0
0
0
0
0
0
0
0
0
0
0
0
0
0
0
0
0
0
0
0
0
0
0
0
0
0
0
0
0
0
0
0
0
0
0
0
0
0
0
0
0
0
0
0
0
0
0
0
0
0
0
0
0
0
0
0
0
0
0
0
0
0
0
0
0
0
0
0
0
0
0
0
0
0
0
0
0
0
0
0
0
0
0
0
0
0
0
0
0
0
0
0
0
0
0
0
0
0
0
0
0
0
0
0
0
0
0
0
0
0
0
0
0
0
0
0
0
0
0
0
0
0
0
0
0
0
0
0
0
0
0
0
0
0
0
0
0
0
0
0
0
0
0
0
0
0
0
0
0
0
0
0
0
0
0
0
0
0
0
0
0
0
0
0
0
0
0
0
0
0
0
0
0
0
0
0
0
0
0
0
0
0
0
0
0
0
0
0
0
0
0
0
0
0
0
0
0
0
0
0
0
0
0
0
0
0
0
0
0
0
0
0
0
0
0
0
0
0
0
0
0
0
0
0
0
0
0
0
0
0
0
0
0
0
0
0
0
0
0
0
0
0
0
0
0
0
0
0
0
0
0
0
0
0
0
0
0
0
0
0
0
0
0
0
0
0
0
0
0
0
0
0
0
0
0
0
0
0
0
0
0
0
0
0
0
0
0
0
0
0
0
0
0
0
0
0
0
0
0
0
0
0
0
0
0
0
0
0
0
0
0
0
0
0
0
0
0
0
0
0
0
0
0
0
0
0
0
0
0
0
0
0
0
0
0
0
0
0
0
0
0
0
0
0
0
0
0
0
0
0
0
0
0
0
0
0
0
0
0
0
0
0
0
0
0
0
0
0
0
0
0
0
0
0
0
0
0
0
0
0
0
0
0
0
0
0
0
0
0
0
0
0
0
0
0
0
0
0
0
0
0
0
0
0
0
0
0
0
0
0
0
0
0
0
0
0
0
0
0
0
0
0
0
0
0
0
0
0
0
0
0
0
0
0
0
0
0
0
0
0
0
0
0
0
0
0
0
0
0
0
0
0
0
0
0
0
0
0
0
0
0
0
0
0
0
0
0
0
0
0
0
0
0
0
0
0
0
0
0
0
0
0
0
0
0
0
0
0
0
0
0
0
0
0
0
0
0
0
0
0
0
0
0
0
0
0
0
0
0
0
0
0
0
0
0
0
0
0
0
0
0
0
0
0
0
0
0
0
0
0
0
0
0
0
0
0
0
0
0
0
0
0
0
0
0
0
0
0
0
0
0
0
0
0
0
0
0
0
0
0
0
0
0
0
0
0
0
0
0
0
0
0
0
0
0
0
0
0
0
0
0
0
0
0
0
0
0
0
0
0
0
0
0
0
0
0
0
0
0
0
0
0
0
0
0
0
0
0
0
0
0
0
0
0
0
0
0
0
0
0
0
0
0
0
0
0
0
0
0
0
0
0
0
0
0
0
0
0
0
0
0
0
0
0
0
0
0
0
0
0
0
0
0
0
0
0
0
0
0
0
0
0
0
0
0
0
0
0
0
0
0
0
0
0
0
0
0
0
0
0
0
0
0
0
0
0
0
0
0
0
0
0
0
0
0
0
0
0
0
0
0
0
0
0
0
0
0
0
0
0
0
0
0
0
0
0
0
0
0
0
0
0
0
0
0
0
0
0
0
0
0
0
0
0
0
0
0
0
0
0
0
0
0
0
0
0
0
0
0
0
0
0
0
0
0
0
0
0
0
0
0
0
0
0
0
0
0
0
0
0
0
0
0
0
0
0
0
0
0
0
0
0
0
0
0
0
0
0
0
0
0
0
0
0
0
0
0
0
0
0
0
0
0
0
0
0
0
0
0
0
0
0
0
0
0
0
0
0
0
0
0
0
0
0
0
0
0
0
0
0
0
0
0
0
0
0
0
0
0
0
0
0
0
0
0
0
0
0
0
0
0
0
0
0
0
0
0
