0
0
0
0
0
0
0
0
0
0
0
0
0
0
0
0
0
0
0
0
0
0
0
0
0
0
0
0
0
0
0
0
0
0
0
0
0
0
0
0
0
0
0
0
0
0
0
0
0
0
0
0
0
0
0
47
273
300
301
301
301
301
301
301
301
301
301
345
345
345
345
345
345
345
345
345
345
345
345
357
357
357
357
357
359
365
383
403
404
383
386
464
464
464
464
464
475
471
473
479
474
472
475
471
471
471
471
471
470
472
472
472
478
477
484
486
486
486
486
490
495
496
490
222
92
52
0
0
0
0
0
0
0
0
0
0
0
0
0
0
0
0
0
0
0
0
0
0
0
0
0
0
0
0
0
0
0
0
0
0
0
0
0
0
0
0
0
0
0
0
0
0
0
0
0
0
0
0
0
0
0
0
0
0
0
0
0
0
0
0
0
0
0
0
0
0
0
0
0
0
0
0
0
0
0
0
0
0
0
0
0
0
0
0
0
0
0
0
0
0
0
0
0
0
0
0
0
0
0
0
0
0
0
0
0
0
0
0
0
0
0
0
0
0
0
0
0
0
0
0
0
0
0
0
0
0
0
0
0
0
0
0
0
0
0
0
0
0
0
0
0
0
0
0
0
0
0
0
0
0
0
0
0
0
0
0
0
0
0
0
0
0
0
0
0
0
0
0
0
0
0
0
0
0
0
0
0
0
0
0
0
0
0
0
0
0
0
0
0
0
0
0
0
0
0
0
0
0
0
0
0
0
0
0
0
0
0
0
0
0
0
0
0
0
0
0
0
0
0
0
0
0
0
0
0
0
0
0
0
0
0
0
0
0
0
0
0
0
0
0
0
0
0
0
0
0
0
0
0
0
0
0
0
0
0
0
0
0
0
0
0
0
0
0
0
0
0
0
0
0
0
0
0
0
0
0
0
0
0
0
0
0
0
0
0
0
0
0
0
0
0
0
0
0
0
0
0
0
0
0
0
0
0
0
0
0
0
0
0
0
0
0
0
0
0
0
0
0
0
0
0
0
0
0
0
0
0
0
0
0
0
0
0
0
0
0
0
0
0
0
0
0
0
0
0
0
0
0
0
0
0
0
0
0
0
0
0
0
0
0
0
0
0
0
0
0
0
0
0
0
0
0
0
0
0
0
0
0
0
0
0
0
0
0
0
0
0
0
0
0
0
0
0
0
0
0
0
0
0
0
0
0
0
0
0
0
0
0
0
0
0
0
0
0
0
0
0
0
0
0
0
0
0
0
0
0
0
0
0
0
0
0
0
0
0
0
0
0
0
0
0
0
0
0
0
0
0
0
0
0
0
0
0
0
0
0
0
0
0
0
0
0
0
0
0
0
0
0
0
0
0
0
0
0
0
0
0
0
0
0
0
0
0
0
0
0
0
0
0
0
0
0
0
0
0
0
0
0
0
0
0
0
0
0
0
0
0
0
0
0
0
0
0
0
0
0
0
0
0
0
0
0
0
0
0
0
0
0
0
0
0
0
0
0
0
0
0
0
0
0
0
0
0
0
0
0
0
0
0
0
0
0
0
0
0
0
0
0
0
0
0
0
0
0
0
0
0
0
0
0
0
0
0
0
0
0
0
0
0
0
0
0
0
0
0
0
0
0
0
0
0
0
0
0
0
0
0
0
0
0
0
0
0
0
0
0
0
0
0
0
0
0
0
0
0
0
0
0
0
23
118
121
232
285
308
346
462
482
594
655
701
780
888
1024
1081
1166
1214
1223
1361
1377
1371
1561
1578
1598
1816
1815
1847
2013
2020
2024
2257
2248
2342
2359
2375
2449
2622
2640
2855
2897
2910
2925
3004
3025
3200
3200
3273
3334
3469
3657
3663
3663
3784
3801
3785
3972
3991
3994
3998
4159
4205
4202
4202
4202
4205
4348
4358
4452
4477
4491
4508
4650
5059
5108
5209
5216
5225
5362
5372
5384
5403
5578
5568
5604
5727
5729
5835
5947
5966
6178
6291
6316
6368
6495
6527
6599
6785
6780
6884
6897
6939
7045
7091
7134
7142
7252
7260
7356
7682
7687
7778
7808
7808
7824
7822
7831
7831
7838
7619
0
0
0
0
0
0
0
0
0
0
0
0
0
200
186
383
440
499
604
810
880
947
1126
1187
1270
1556
1635
1870
1939
2039
2171
2167
2277
2320
2456
2542
2586
3060
3203
3292
3458
3586
3601
3750
3747
3790
3881
3891
3894
4044
4049
4049
4057
4181
4212
4206
4205
4268
4545
4524
4532
4602
4601
4602
4624
4636
4723
4798
4789
4788
4783
4783
4790
4975
5038
5051
5056
5209
5213
5243
5316
5334
5342
5574
5554
5581
5599
5766
5787
5785
5952
6116
6137
6141
6312
6322
6336
6660
6839
6865
6955
7134
7162
7313
7327
7490
7591
7650
7695
8000
8005
8092
8155
8159
8276
8293
8450
8483
8666
8805
8842
9062
9095
9258
9254
9284
9471
9500
9578
9665
9669
9666
9452
0
0
0
0
0
0
0
0
0
0
0
0
0
0
16
58
177
194
334
339
354
495
487
572
717
715
916
921
911
918
1085
1096
1100
1444
1445
1440
1524
1689
1701
1797
1919
1927
1921
1948
2069
2067
2058
2081
2331
2368
2373
2377
2438
2530
2531
2581
2760
2760
2769
2961
3222
3218
3489
3510
3510
3510
3512
3618
3648
3665
3713
3815
3909
3933
3930
4048
4051
4051
4075
4182
4237
4331
4364
4396
4683
4805
4830
4893
4922
4932
5041
5096
5117
5190
5238
5364
5395
5487
5511
5540
5544
5712
5722
5821
5879
5904
5949
6047
6347
6351
6351
6526
6525
6522
6520
6656
6700
6721
6853
7030
7153
7175
7193
7232
7316
7319
7323
7325
7336
7337
7337
7170
0
0
0
0
91
113
283
293
307
478
519
556
826
824
949
950
1074
1086
1245
1248
1298
1432
1450
1592
1767
1761
1761
1781
1881
1943
2073
2134
2177
2295
2289
2315
2468
2517
2520
2520
2673
2689
2880
2887
2955
2962
2977
3122
3420
3553
3555
3555
3717
3724
3876
3918
3936
4031
4028
4282
4322
4328
4508
4530
4571
4630
4651
4655
4827
4855
4855
4880
5085
5400
5412
5414
5420
5615
5612
5609
5603
5677
5727
5737
5837
5841
5841
5841
5841
5841
5841
5841
5841
5841
5841
5841
5720
5721
5721
5721
5742
5742
5531
0
0
0
0
0
0
0
0
0
0
0
0
0
0
0
0
0
0
0
0
0
0
0
0
0
0
0
0
0
0
0
0
0
0
0
0
0
0
150
168
257
358
363
521
566
639
750
813
989
1005
1139
1157
1262
1396
1611
1582
1757
1750
1838
1886
2040
2055
2190
2182
2250
2517
2570
2668
2723
2801
2825
2948
3103
3135
3223
3323
3330
3766
3816
3895
4014
4036
4053
4189
4247
4285
4392
4398
4542
4873
4874
4874
4929
5020
5025
5123
5156
5163
5313
5317
5320
5361
5379
5470
5491
5534
5665
5649
5666
5749
5816
5835
6003
6204
6239
6386
6401
6458
6483
6500
6656
6696
6681
6798
6805
6856
6986
7030
7032
7157
7213
7223
7413
7441
7472
7495
7631
7806
7922
7936
7949
8085
8093
8127
8200
8199
8299
8395
8414
8716
8774
8898
8901
9032
9033
9059
9214
9211
9212
9233
9236
9324
9044
0
2
2
2
2
2
2
2
2
2
22
168
321
336
429
440
540
644
884
914
916
935
1234
1236
1236
1428
1429
1470
1530
1662
1687
1779
1804
1893
2099
2105
2111
2278
2299
2436
2425
2611
2612
2658
2675
2713
3144
3140
3145
3312
3317
3315
3351
3500
3508
3712
3721
3845
3935
4083
4140
4209
4337
4357
4370
4484
4479
4480
4480
4656
4658
4740
4721
4829
4931
4984
5108
5180
5207
5299
5302
5450
5526
5529
5665
5681
5792
5873
5941
5999
6028
6347
6379
6375
6848
6831
7043
7033
7211
7208
7333
7344
7547
7645
7754
7734
8161
8206
8277
8365
8385
8491
8492
8651
8675
8753
8805
8830
8909
9089
9079
9198
9200
9334
9334
9339
9346
9346
9341
9144
0
0
0
0
0
0
0
0
0
7
79
132
232
390
451
514
537
726
758
774
945
952
1123
1132
1313
1345
1354
1535
1566
1640
1804
1815
2028
2027
2045
2261
2332
2440
2664
2680
2682
2701
2884
2910
3035
3073
3267
3316
3369
3377
3578
3588
3581
3603
3796
3825
3860
4137
4152
4162
4414
4426
4564
4596
4602
4598
4610
4739
4773
4807
4981
4999
4888
4900
5045
5057
5053
5092
5254
5262
5356
5359
5522
5648
6007
6057
6086
6182
6310
6363
6475
6498
6714
6721
6852
6860
6977
7133
7149
7316
7342
7377
7556
7567
7569
7578
7769
7777
7483
7510
7692
7699
7771
7971
7981
7980
8005
8091
8191
8185
8071
8070
8070
8068
7803
0
0
16
24
22
13
13
0
0
64
138
204
252
318
307
309
420
426
417
667
662
641
720
724
709
829
871
870
903
1041
1054
1184
1280
1280
1281
1281
1281
1398
1457
1460
1464
1564
1570
1673
1757
1761
1766
1848
1843
1863
2011
2038
2056
2152
2159
2341
2474
2478
2483
2585
2616
2667
2875
2915
2941
3197
3197
3407
3412
3552
3568
3575
3655
3769
3805
3844
3813
3813
3925
4299
4280
4275
4248
4349
4367
4381
4366
4380
4488
4461
4527
4782
4750
4747
4686
4682
4676
4636
4620
4617
4609
4442
105
148
133
117
117
180
167
167
163
164
184
174
134
84
175
182
185
353
368
368
382
524
532
575
785
928
925
930
1063
1084
1112
1391
1398
1506
1536
1528
1628
1930
2105
2082
2057
2189
2194
2275
2355
2335
2337
2483
2524
2695
2698
2860
2866
2908
2955
2953
3169
3183
3318
3346
3408
3719
3722
3722
3724
3787
3876
3880
4213
4230
4408
4530
4544
4771
4920
4936
5116
5159
5320
5313
5331
5461
5453
5463
5587
5574
5611
5662
5708
5841
5855
5963
5968
6034
6043
6066
6296
6807
6909
6916
7058
7045
7047
7212
7210
7263
7273
7316
7381
7323
7461
7478
7479
7482
7661
7599
7614
7616
7630
7616
7627
7616
0
0
0
0
0
0
0
0
0
0
0
0
0
0
0
0
0
0
0
0
0
0
0
94
93
217
220
344
350
570
575
671
741
765
922
1118
1236
1244
1393
1458
1441
1460
1579
1591
1751
1761
1755
2218
2227
2347
2410
2441
2582
2586
2720
2726
2837
2906
2929
3097
3234
3231
3229
3231
3231
3286
3326
3343
3506
3504
3511
3729
3839
3854
3867
3929
4003
4009
4219
4203
4314
4334
4335
4364
4520
4534
4576
4749
4783
4849
4838
4987
5026
5042
5083
5257
5343
5403
5393
5418
5505
5514
5642
5631
5637
5870
5941
6228
6273
6311
6342
6483
6490
6547
6569
6581
6719
6710
6732
7057
7045
7053
7173
7191
7200
7200
7314
7287
7290
7289
7280
7713
7708
7708
7707
7429
5
0
0
0
0
0
0
0
0
0
0
0
0
0
0
0
0
0
0
0
153
183
281
321
325
408
443
445
720
762
784
897
1023
1043
1164
1170
1235
1396
1411
1531
1583
1649
1660
2234
2308
2309
2317
2490
2485
2578
2571
2651
2710
2722
2798
3006
3009
3201
3195
3299
3322
3331
3452
3454
3456
3463
3464
3410
3580
3575
3696
3884
3879
4143
4143
4148
4185
4285
4296
4688
4697
4831
4839
4844
4970
5016
5018
5044
5112
5141
5250
5536
5558
5673
5674
5759
5857
5873
5972
5995
5996
5996
6045
6117
6123
6242
6311
6315
6400
6399
6395
6523
6555
6553
6747
6940
6949
6949
7081
7083
7088
7089
7091
7091
7090
7090
7090
7158
6968
0
0
0
0
0
32
0
0
0
48
0
0
0
0
0
0
0
0
0
0
0
97
130
265
265
325
330
461
465
476
638
667
721
750
1043
1033
1054
1150
1143
1230
1259
1316
1341
1353
1507
1521
1798
1960
1963
1964
1978
2153
2179
2361
2431
2424
2434
2446
2699
2800
2839
2832
2837
2855
2919
2933
2927
2935
2944
2965
3417
3381
3391
3388
3388
3390
3394
3399
3427
3464
3520
3550
3654
3651
3653
3649
3646
3653
3652
3642
3640
3639
3641
3642
3676
3673
3667
3655
3650
3651
3660
3296
2866
2454
2141
1803
660
600
488
1923
2053
2148
2216
2427
2497
2715
2555
2485
2161
2155
2099
1492
886
407
112
17
0
0
0
0
0
0
0
0
0
0
0
0
0
0
0
0
0
0
0
0
0
0
0
0
0
0
0
0
0
0
0
0
0
0
0
0
0
0
0
0
0
0
0
0
0
0
0
0
0
0
0
0
0
0
0
0
0
0
0
0
0
0
0
0
0
0
0
0
0
0
0
0
0
0
0
0
0
0
0
0
0
0
0
0
0
0
0
0
0
0
0
0
0
0
0
0
0
0
0
0
0
0
0
0
0
0
0
0
0
0
0
0
0
0
0
0
0
0
0
0
0
0
0
0
0
0
0
0
0
0
0
0
0
0
0
0
0
0
0
0
0
0
0
0
0
0
0
0
0
0
0
0
0
0
0
0
0
0
0
0
0
0
0
0
0
0
0
0
0
0
0
0
0
0
0
0
0
0
0
0
0
0
0
0
0
0
0
0
0
0
0
0
0
0
0
0
0
0
0
0
0
0
0
0
0
0
0
0
0
0
0
0
0
0
0
0
0
0
0
0
0
0
0
0
0
0
0
0
0
0
0
0
0
0
0
0
0
0
0
0
0
0
0
0
0
0
0
0
0
0
0
0
0
0
0
0
0
0
0
0
0
0
0
0
0
0
0
0
0
0
0
0
0
0
0
0
0
0
0
0
0
0
0
0
0
0
0
0
0
0
0
0
0
0
0
0
0
0
0
0
0
0
0
0
0
0
0
0
0
0
0
0
0
0
0
0
0
0
0
0
0
0
0
68
77
101
173
181
341
349
339
534
503
606
602
626
827
842
1059
1063
1132
1172
1228
1315
1322
1521
1531
1615
1744
1738
1986
2082
2082
2263
2266
2379
2388
2565
2580
2661
2660
2763
2966
2963
3145
3143
3260
3280
3359
3386
3392
3519
3524
3593
3652
3755
3801
3921
3924
4019
4056
4056
4056
4057
4233
4219
4668
4701
4769
4766
4772
4859
4876
4972
5013
5022
5091
5105
5482
5499
5506
5652
5655
5647
5793
5824
5887
5907
5911
6041
6059
6159
6174
6319
6329
6511
6510
6547
6615
6654
6671
6673
7390
7386
7412
7518
7540
7629
7642
7768
7773
7793
8020
8045
8364
8400
8411
8589
8559
8577
8577
8686
8697
8693
8693
8695
9219
9109
0
0
0
0
0
0
0
0
0
0
0
160
179
201
281
355
382
362
558
544
623
692
924
1009
1114
1173
1177
1333
1340
1469
1565
1644
1720
1753
1963
1956
2121
2137
2203
2240
2297
2301
2340
2437
2414
2568
2797
2861
2919
2938
3001
3076
3044
3205
3216
3314
3347
3367
4029
4015
4005
4041
4126
4162
4174
4174
4172
4340
4341
4481
4566
4674
4673
4828
4826
4941
4978
4996
5189
5167
5180
5211
5552
5555
5555
5713
5732
5733
5752
5858
5927
5959
5973
6092
6112
6180
6183
6305
6341
6352
6348
6481
6487
6623
6655
6718
7174
7166
7169
7349
7343
7527
7518
7619
7612
7633
8094
7915
8109
8270
8279
8406
8399
8394
8427
8530
8529
8532
8533
8531
8699
8693
8619
6
0
0
0
0
0
0
0
0
0
3
19
107
197
231
375
391
496
496
614
730
986
1032
1123
1193
1284
1475
1475
1596
1622
1718
1746
1753
2224
2303
2302
2455
2465
2461
2628
2626
2607
2832
2791
2780
2887
2894
3050
3067
3103
3151
3148
3167
3320
3351
3423
3474
3657
3764
3823
3825
3839
3837
3845
3885
3998
4005
4032
4254
4451
4592
4596
4601
4613
4747
4777
4824
4965
4976
4974
5131
5117
5138
5282
5278
5282
5373
5385
5397
5567
5580
5603
5628
5892
5911
5916
5916
5931
6043
6120
6152
6337
6427
6445
6447
6828
6851
6853
6948
6989
6995
7019
7297
7345
7339
7338
7348
7594
7705
7688
7682
7710
7732
7736
7772
7779
7568
0
0
0
0
0
0
174
179
204
445
481
613
828
957
966
1168
1178
1322
1366
1432
1596
1592
1620
1830
1840
1858
1889
2049
2055
2252
2258
2384
2430
2678
2726
2938
2956
3107
3149
3244
3365
3411
3507
3599
3634
3697
3842
3862
4083
4083
4322
4358
4383
4717
4724
4724
4843
4934
5053
5086
5324
5353
5480
5500
5739
5770
5769
5962
5987
5989
6067
6178
6188
6253
6276
6265
6305
6421
6503
6503
6676
6644
6650
6698
6738
6723
6834
6832
6835
6836
6810
6797
6779
6547
0
0
0
0
0
0
0
0
0
0
0
0
0
0
0
0
145
156
158
326
341
349
365
514
547
589
849
836
986
990
1186
1236
1249
1557
1557
1671
1712
1769
1862
1952
2223
2249
2239
2389
2390
2475
2595
2604
2635
2801
2843
2900
3064
3265
3256
3322
3372
3410
3596
3603
3785
3820
3878
3967
4154
4156
4156
4241
4355
4365
4728
4749
4936
5061
5064
5076
5362
5355
5570
5613
5787
5785
5829
5967
5984
5989
6138
6143
6248
6267
6324
6410
6436
6597
6582
6666
6704
6746
7005
7004
7518
7526
7669
7701
7712
7897
7912
8001
8064
8097
8143
8161
8250
8306
8313
8317
8465
8456
8455
8463
8465
8467
8472
8160
0
0
0
0
0
0
0
0
0
0
0
0
0
0
0
0
0
0
0
0
0
0
0
138
176
362
366
575
570
779
787
906
983
1029
1204
1249
1557
1568
1759
1850
1882
1905
2093
2093
2277
2293
2301
2468
2639
2784
2872
2919
3081
3091
3254
3256
3403
3485
3518
3516
3789
3821
3823
3821
3821
3898
3969
3985
4188
4177
4181
4181
4375
4410
4412
4478
4575
4577
4811
4833
4957
5009
5017
5025
5239
5271
5315
5512
5597
5634
5648
5812
5825
5865
5930
5950
6152
6228
6225
6262
6396
6386
6547
6555
6592
6824
6859
6900
7128
7246
7242
7445
7435
7514
7554
7588
7785
7813
7823
7997
8126
8134
8306
8330
8339
8343
8521
8533
8523
8516
8516
8506
8555
8561
8564
8231
0
0
0
0
0
0
0
0
0
0
0
0
0
0
0
0
0
0
0
0
222
246
364
396
420
538
603
622
957
949
948
968
1278
1304
1445
1450
1547
1681
1697
1880
1954
2070
2067
2202
2467
2467
2480
2656
2686
2790
2781
2896
2980
3019
3110
3143
3313
3524
3528
3656
3681
3703
3860
3893
3889
3885
3884
3905
4082
4090
4305
4432
4434
4709
4758
4786
4832
4960
4956
5141
5452
5598
5603
5619
5722
5795
5802
5874
5979
5997
6108
6117
6158
6291
6285
6388
6476
6483
6585
6598
6611
6611
6664
6751
6831
6961
7024
7025
7155
7165
7168
7331
7364
7369
7586
7637
8093
8099
8293
8280
8291
8302
8286
8289
8334
8363
8302
8300
7927
0
0
0
0
0
0
0
0
0
0
0
0
0
0
0
0
0
0
0
0
20
132
179
418
433
546
564
694
755
769
975
982
1093
1114
1279
1332
1335
1466
1480
1610
1651
1746
1786
1824
2016
2051
2115
2409
2421
2422
2454
2673
2733
3008
3051
3065
3068
3068
3071
3197
3246
3253
3258
3276
3373
3410
3422
3440
3448
3454
3802
3798
3795
3799
3800
3800
3806
3835
3844
3937
3989
4006
4016
4068
4067
4067
4067
4063
4060
4052
4055
4057
4061
4064
4070
3945
3945
3945
3945
3940
3942
3942
3943
3940
3498
3243
2958
2379
2364
2394
2433
2435
2336
2210
1998
1724
1445
1357
1126
380
378
431
419
252
169
79
35
24
7
1
0
0
0
0
0
0
0
0
0
0
0
0
0
0
0
0
0
0
0
0
0
0
0
0
0
0
0
0
0
0
0
0
0
0
0
0
0
0
0
0
0
0
0
0
0
0
0
0
0
0
0
0
0
0
0
0
0
0
0
0
0
0
0
0
0
0
0
0
0
0
0
0
0
0
0
0
0
0
0
0
0
0
0
0
0
0
0
0
0
0
0
0
0
0
0
0
0
0
0
0
0
0
0
0
0
0
0
0
0
0
0
0
0
0
0
0
0
0
0
0
0
0
0
0
0
0
0
0
0
0
0
0
0
0
0
0
0
0
0
0
0
0
0
0
0
0
0
0
0
0
0
0
0
0
0
0
0
0
0
0
0
0
0
0
0
0
0
0
0
0
0
0
0
0
0
0
0
0
0
0
0
0
0
0
0
0
0
0
0
0
0
0
0
0
0
0
0
0
0
0
0
0
0
0
0
0
0
0
0
0
0
0
0
0
0
0
0
0
0
0
0
0
0
0
0
0
0
0
0
0
0
0
0
0
0
0
0
0
0
0
0
0
0
0
0
0
0
0
0
0
0
0
0
0
0
0
0
0
0
0
0
0
0
0
0
0
0
0
0
0
0
0
0
0
0
0
0
0
0
0
0
0
0
0
0
0
0
0
0
0
0
0
0
0
0
0
0
0
0
0
0
0
0
0
0
0
0
0
0
0
0
0
0
0
0
0
0
0
0
0
0
0
0
0
0
0
0
0
0
0
0
0
0
0
0
0
0
0
0
0
0
0
0
0
0
0
0
0
0
0
0
0
0
0
0
0
0
0
0
0
0
0
0
0
0
0
0
0
0
0
0
0
0
0
0
0
0
0
0
0
0
0
0
0
0
0
0
0
0
0
0
0
0
0
0
0
0
0
0
0
0
0
0
0
0
0
0
0
0
0
0
0
0
0
0
0
0
0
0
0
0
0
0
0
0
0
0
0
0
0
0
0
0
0
0
0
0
0
0
0
0
0
0
0
0
0
0
0
0
0
0
0
0
0
0
0
0
0
0
0
0
0
0
0
0
0
0
0
0
0
0
0
0
0
0
0
0
0
0
0
0
0
0
0
0
0
0
0
0
0
0
0
0
0
0
0
0
0
0
0
0
0
0
0
0
0
0
0
0
0
0
0
0
0
0
0
0
0
0
0
0
0
0
0
0
0
0
0
0
0
0
0
0
0
0
0
0
0
0
0
0
0
0
0
0
0
0
0
0
0
0
1
161
200
212
386
388
384
404
605
623
656
1010
1030
1077
1083
1271
1346
1356
1686
1685
1812
1835
1869
1988
2080
2230
2261
2282
2422
2437
2522
2609
2641
2683
2845
2879
2984
3099
3307
3311
3375
3432
3460
3688
3714
3910
3915
3992
4087
4167
4168
4170
4258
4396
4406
4735
4810
4997
5112
5121
5175
5480
5494
5710
5731
5895
5907
5945
6072
6110
6126
6321
6318
6374
6383
6451
6566
6592
6740
6734
6839
6893
6943
7189
7199
7600
7604
7764
7792
7795
7986
8012
8076
8145
8168
8247
8271
8368
8410
8406
8408
8590
8585
8579
8581
8586
8597
8593
8267
0
0
0
0
0
0
0
0
0
0
0
0
0
0
0
0
0
0
0
0
0
0
0
142
217
418
418
604
628
833
842
945
1024
1037
1221
1220
1548
1564
1742
1850
1918
1928
2127
2144
2318
2338
2346
2517
2594
2767
2856
2881
3037
3045
3208
3228
3420
3475
3498
3504
3725
3757
3759
3755
3754
3832
3879
3870
4062
4070
4073
4074
4390
4428
4434
4528
4597
4629
4859
4839
4953
4994
5016
5002
5299
5322
5378
5598
5668
5724
5734
5896
5934
5966
6033
6036
6327
6427
6430
6487
6633
6618
6798
6808
6819
7062
7092
7099
7110
7201
7233
7430
7437
7532
7552
7582
7771
7777
7801
8001
8194
8205
8368
8368
8379
8380
8559
8558
8570
8568
8572
8571
8784
8783
8783
8473
0
0
0
0
0
0
0
0
0
0
0
0
0
0
0
0
0
0
0
0
238
265
400
462
473
635
700
727
1045
1045
1052
1064
1304
1336
1476
1486
1575
1728
1758
1968
2046
2153
2161
2294
2411
2415
2420
2598
2587
2683
2687
2790
2857
2899
3007
3013
3177
3390
3370
3486
3517
3538
3685
3744
3746
3753
3753
3769
4094
4100
4292
4426
4430
4780
4748
4749
4797
4928
4932
5088
5305
5456
5459
5470
5597
5609
5636
5698
5796
5801
5940
5926
6151
6272
6270
6358
6446
6480
6586
6602
6613
6623
6683
6777
6817
6932
7005
7016
7147
7159
7174
7336
7367
7379
7583
7591
7899
7913
8104
8104
8090
8087
8089
8089
8090
8082
8082
8083
7636
0
0
0
0
0
0
0
0
0
0
0
0
0
0
0
0
0
0
0
0
1
109
147
359
362
461
473
610
653
663
847
859
949
974
1126
1313
1317
1432
1446
1552
1586
1643
1678
1693
1887
1912
1986
2281
2288
2290
2310
2483
2538
2802
2817
2823
2824
2827
2826
3050
3083
3107
3105
3119
3181
3233
3255
3250
3269
3267
3559
3593
3572
3582
3582
3580
3587
3607
3634
3699
3764
3770
3759
3872
3869
3869
3869
3869
3871
3871
3861
3859
3860
3858
3858
3933
3934
3933
3933
3933
3938
3936
3936
3930
3928
3928
3928
3868
3863
3858
3874
3799
3609
3520
3353
3143
2959
2737
2674
1448
1448
1373
1402
1123
928
837
621
361
252
129
55
0
0
0
0
0
0
0
0
0
0
0
0
0
0
0
0
0
0
0
0
0
0
0
0
0
0
0
0
0
0
0
0
0
0
0
0
0
0
0
0
0
0
0
0
0
0
0
0
0
0
0
0
0
0
0
0
0
0
0
0
0
0
0
0
0
0
0
0
0
0
0
0
0
0
0
0
0
0
0
0
0
0
0
0
0
0
0
0
0
0
0
0
0
0
0
0
0
0
0
0
0
0
0
0
0
0
0
0
0
0
0
0
0
0
0
0
0
0
0
0
0
0
0
0
0
0
0
0
0
0
0
0
0
0
0
0
0
0
0
0
0
0
0
0
0
0
0
0
0
0
0
0
0
0
0
0
0
0
0
0
0
0
0
0
0
0
0
0
0
0
0
0
0
0
0
0
0
0
0
0
0
0
0
0
0
0
0
0
0
0
0
0
0
0
0
0
0
0
0
0
0
0
0
0
0
0
0
0
0
0
0
0
0
0
0
0
0
0
0
0
0
178
211
284
389
411
516
579
687
758
827
960
1091
1126
1178
1297
1295
1376
1371
1543
1770
1845
1944
1945
2123
2139
2324
2307
2490
2505
2516
2681
2809
2937
2937
3051
3075
3080
3273
3338
3458
3477
3596
3645
3767
3940
4002
4086
4107
4276
4323
4326
4500
4511
4673
4664
5059
5093
5101
5114
5287
5304
5411
5429
5616
5629
5626
5625
5516
5523
5519
5522
5292
0
0
0
0
0
0
0
0
0
0
0
0
0
0
0
0
0
0
0
0
0
0
0
0
0
0
0
0
0
0
0
0
0
0
0
0
0
0
0
0
0
0
0
0
0
0
0
0
0
0
0
0
0
0
0
0
0
0
0
0
0
0
0
0
0
0
0
0
0
0
0
0
0
0
0
0
0
0
0
1
0
0
0
0
0
0
0
0
0
0
0
0
0
0
0
0
0
0
0
0
0
0
0
0
0
0
0
0
0
0
0
0
0
0
0
0
0
0
0
0
0
0
0
0
0
4
16
141
154
324
318
390
401
437
538
592
681
754
772
1093
1091
1165
1219
1236
1305
1334
1341
1422
1462
1502
1530
1631
1769
1805
1818
2021
2071
2066
2065
2059
2236
2288
2397
2808
2804
2797
2797
2962
2977
2985
3036
3101
3113
3130
3126
3517
3522
3526
3526
3526
3537
3566
3664
3644
3653
3656
3654
3789
3796
3796
3793
3791
3788
3782
3778
3778
3774
3778
3783
3774
3772
3746
3746
3674
3486
3234
2906
2656
2110
1833
1437
523
482
455
429
465
635
621
624
690
660
578
609
0
0
0
0
0
0
0
0
0
0
0
0
0
0
0
0
0
0
0
0
0
0
0
0
0
0
0
0
0
0
0
0
0
0
0
0
0
0
0
0
0
0
0
0
0
0
0
0
0
0
0
0
0
0
0
0
0
0
0
0
0
0
0
0
0
0
0
0
0
0
0
0
0
0
0
0
0
0
0
0
0
0
0
0
0
0
0
0
0
0
0
0
0
0
0
0
0
0
0
0
0
0
0
0
0
0
0
0
0
0
0
0
0
0
0
0
0
0
0
0
0
0
0
0
0
0
0
0
0
0
0
0
0
0
0
0
0
0
0
0
0
0
0
0
0
0
0
0
0
0
0
0
0
0
0
0
0
0
0
0
0
0
0
0
0
0
0
0
0
0
0
0
0
0
0
0
0
0
0
0
0
0
0
0
0
0
0
0
0
0
0
0
0
0
0
0
0
0
0
0
0
0
0
0
0
0
0
0
0
0
0
0
0
0
0
0
0
0
0
0
0
0
0
0
0
0
0
0
0
0
0
0
0
0
0
0
0
0
0
0
0
0
0
0
0
0
0
0
0
0
0
0
0
0
0
0
0
0
0
0
0
0
0
0
0
0
0
0
0
0
0
0
0
0
0
0
0
0
0
0
0
0
0
0
0
0
0
0
0
0
0
0
0
0
0
0
0
0
0
24
202
206
338
322
341
471
486
723
773
772
784
932
1283
1309
1313
1453
1452
1509
1581
1669
1689
1803
1885
1872
2157
2199
2267
2261
2337
2429
2527
2517
2534
2689
2776
2775
3162
3163
3168
3298
3307
3299
3396
3492
3511
3531
3776
3799
4077
4225
4266
4271
4271
4289
4444
4441
4447
4610
4617
4671
5059
5031
5046
5120
5158
5154
5164
5170
5356
5347
5339
5440
5545
5543
5608
5639
5659
5660
5771
5814
5819
5834
5910
5902
6011
6017
6017
6100
6116
6106
6110
6344
6295
6293
6349
6338
6329
6330
6407
6469
6458
6444
6579
6592
6592
6594
6594
6738
6939
6939
6939
6939
6938
6938
6942
6942
6771
5
0
0
0
0
0
0
0
0
0
0
0
0
1
59
107
235
323
322
437
479
522
632
649
717
773
870
1057
1144
1148
1251
1289
1349
1357
1478
1494
1810
1785
1828
2028
2155
2197
2439
2444
2445
2629
2651
2666
2730
2738
2738
2934
2931
2933
3058
3185
3215
3218
3238
3230
3239
3238
3241
3372
3377
3374
3416
3439
3441
3438
3492
3497
3486
3486
3488
3642
3652
3652
3652
3641
3641
3641
3641
3641
3641
3641
3641
3663
3667
3666
3069
2407
1730
1528
1352
1053
973
768
696
24
16
4
4
3
2
1
0
0
0
0
0
0
0
0
0
0
0
0
0
0
0
0
0
0
0
0
0
0
0
0
0
0
0
0
0
0
0
0
0
0
0
0
0
0
0
0
0
0
0
0
0
0
0
0
0
0
0
0
0
0
0
0
0
0
0
0
0
0
0
0
0
0
0
0
0
0
0
0
0
0
0
0
0
0
0
0
0
0
0
0
0
0
0
0
0
0
0
0
0
0
0
0
0
0
0
0
0
0
0
0
0
0
0
0
0
0
0
0
0
0
0
0
0
0
0
0
0
0
0
0
0
0
0
0
0
0
0
0
0
0
0
0
0
0
0
0
0
0
0
0
0
0
0
0
0
0
0
0
0
0
0
0
0
0
0
0
0
0
0
0
0
0
0
0
0
0
0
0
0
0
0
0
0
0
0
0
0
0
0
0
0
0
0
0
0
0
0
0
0
0
0
0
0
0
0
0
0
0
0
0
0
0
0
0
0
0
0
0
0
0
0
0
0
0
0
0
0
0
0
0
0
0
0
0
0
0
0
0
0
0
0
0
0
0
0
0
0
0
0
0
0
0
0
0
0
0
0
0
0
0
0
0
0
0
0
0
0
0
0
0
0
0
0
0
0
0
0
0
0
0
0
0
0
0
0
0
0
0
0
0
0
0
0
0
0
0
0
0
0
0
0
0
0
0
0
0
0
0
0
0
0
0
0
0
0
0
0
0
0
0
0
0
0
0
0
0
0
0
0
0
0
0
0
0
0
0
0
0
0
0
0
0
0
0
0
0
0
0
0
0
0
0
0
0
0
0
0
0
0
0
0
0
0
0
0
0
0
0
0
0
0
0
0
0
0
0
0
0
0
0
0
0
0
0
0
0
0
0
0
0
0
0
0
0
0
0
0
0
0
0
0
0
0
0
0
0
0
0
0
0
0
0
0
0
0
0
0
0
0
0
0
0
0
0
0
0
0
0
0
0
0
0
0
0
0
0
0
0
0
0
0
0
0
0
0
0
0
0
0
0
0
0
0
0
0
0
0
0
0
0
0
0
0
0
0
0
0
0
0
0
0
0
0
0
0
0
0
0
0
0
0
0
0
0
0
0
0
0
0
0
0
0
0
0
0
0
0
0
0
0
0
0
0
0
0
0
0
0
0
0
0
0
0
0
0
0
0
0
0
0
0
0
0
0
0
0
0
0
0
0
0
0
0
0
0
0
0
0
0
0
0
0
0
0
0
0
0
0
0
0
0
0
0
0
0
0
0
0
0
0
0
0
0
0
0
0
0
0
0
0
0
0
0
0
0
0
0
0
0
0
0
0
0
0
0
0
0
0
0
0
0
0
0
0
0
0
0
0
0
0
0
0
0
0
0
0
0
0
0
0
0
0
0
0
0
0
0
0
0
0
0
0
0
0
0
0
0
0
0
0
0
0
0
0
0
0
0
0
0
0
0
0
0
0
0
0
0
0
0
0
0
0
0
0
0
0
0
0
0
0
0
0
0
0
0
0
0
0
0
0
0
0
0
0
0
0
0
0
0
0
0
0
0
0
0
0
0
0
0
0
0
0
0
0
0
0
0
0
0
0
0
0
0
0
0
0
0
0
0
0
0
0
0
0
0
0
0
0
0
0
0
0
0
0
0
0
0
0
0
0
0
0
0
0
0
0
0
0
0
0
0
0
0
0
0
0
0
0
0
0
0
0
0
0
0
0
0
0
0
0
0
0
0
0
0
0
0
0
0
0
0
0
0
0
0
0
0
0
0
0
0
0
0
0
0
0
0
0
0
0
0
0
0
0
0
0
0
0
0
0
0
0
0
0
0
0
0
0
0
0
0
0
0
0
0
0
0
0
0
0
0
0
0
0
0
0
0
0
0
0
0
0
0
0
0
0
0
0
0
0
0
0
0
0
0
0
0
0
0
0
0
0
0
0
0
0
0
0
0
0
0
0
0
0
0
0
0
0
0
0
