0
0
0
0
0
0
0
0
0
0
0
0
0
0
0
0
0
0
0
0
0
0
0
0
0
0
0
0
0
0
0
0
0
0
0
0
0
0
0
0
0
0
0
0
0
0
0
0
0
0
0
0
0
0
0
14
77
16
2
2
3
5
1
2
1
0
1
6
0
4
1
3
1
2
1
1
1
2
0
1
0
1
1
3
2
5
3
2
0
0
2
1
0
0
0
1
3
5
2
0
2
0
3
1
0
1
0
2
2
3
0
0
0
0
0
1
0
0
0
3
2
4
21
80
15
0
0
0
0
0
0
0
0
0
0
0
0
0
0
0
0
0
0
0
0
0
0
0
0
0
0
0
0
0
0
0
0
0
0
0
0
0
0
0
0
0
0
0
0
0
0
0
0
0
0
0
0
0
0
0
0
0
0
0
0
0
0
0
0
0
0
0
0
0
0
0
0
0
0
0
0
0
0
0
0
0
0
0
0
0
0
0
0
0
0
0
0
0
0
0
0
0
0
0
0
0
0
0
0
0
0
0
0
0
0
0
0
0
0
0
0
0
0
0
0
0
0
0
0
0
0
0
0
0
0
0
0
0
0
0
0
0
0
0
0
0
0
0
0
0
0
0
0
0
0
0
0
0
0
0
0
0
0
0
0
0
0
0
0
0
0
0
0
0
0
0
0
0
0
0
0
0
0
0
0
0
0
0
0
0
0
0
0
0
0
0
0
0
0
0
0
0
0
0
0
0
0
0
0
0
0
0
0
0
0
0
0
179
55
197
181
192
182
244
53
12
180
229
209
164
152
159
23
184
276
189
268
127
203
249
219
194
105
171
268
127
193
78
139
86
61
176
140
93
67
134
47
44
32
20
34
71
162
32
55
150
99
25
8
15
17
11
11
22
19
19
168
16
3
7
6
5
7
7
5
10
3
10
29
29
13
25
20
35
81
50
241
85
236
185
226
305
230
210
139
141
192
38
160
132
136
202
337
209
224
151
47
108
207
212
216
158
262
144
139
357
566
275
190
124
260
226
131
217
101
181
323
123
249
262
120
261
118
213
273
75
38
10
36
18
3
1625
11747
0
0
0
0
0
0
0
0
0
0
0
0
0
0
0
0
0
0
0
0
0
0
0
0
0
0
0
0
0
0
0
0
0
0
189
62
131
152
153
201
131
19
32
242
75
221
141
170
227
166
140
16
6
182
199
208
150
131
245
44
12
234
195
184
261
128
127
228
221
111
218
89
231
267
204
155
139
259
78
105
89
67
130
116
66
55
48
28
38
74
90
111
40
55
137
95
24
25
193
4
7
12
13
45
32
11
31
21
21
16
26
10
25
17
29
97
77
13
28
26
14
3
13
211
69
132
80
260
213
141
264
178
172
220
257
80
115
175
150
451
341
187
200
157
49
138
234
247
519
133
279
273
215
266
337
292
128
178
253
236
214
131
244
160
256
173
169
236
122
174
200
175
125
653
8
38
8
1533
11938
0
0
0
0
0
0
0
0
250
199
193
333
221
226
108
349
323
349
435
230
347
341
328
319
180
82
381
391
254
453
219
262
203
345
328
281
418
333
64
50
534
76
645
6396
0
1
5
284
338
243
355
240
71
230
345
326
398
308
73
105
263
210
120
309
234
258
44
254
616
363
322
300
108
238
57
166
174
320
335
376
457
136
18
14
5
20
14
7
715
6605
0
0
0
0
0
0
0
0
166
93
291
304
337
380
235
496
391
286
218
203
150
303
298
365
602
389
479
444
486
257
340
423
410
457
415
474
426
433
666
188
137
99
141
133
259
606
306
224
147
151
319
137
65
144
145
134
176
100
84
70
125
61
400
286
304
322
392
221
269
105
685
446
251
378
445
332
271
107
248
215
353
490
362
241
99
39
74
40
19
1139
13107
0
0
0
0
0
0
299
398
510
358
504
537
620
420
627
313
533
356
354
614
506
161
294
370
744
448
429
395
185
61
294
544
349
364
419
116
9
3
18
997
9267
0
0
0
0
0
0
0
46
304
379
229
370
47
227
472
240
423
116
85
287
229
201
360
272
286
184
380
377
347
227
300
96
150
199
294
411
322
313
82
38
13
13
4
7
708
6656
0
0
0
0
0
0
0
0
0
0
0
0
168
19
229
240
252
336
291
174
441
188
315
322
255
210
99
311
318
309
334
351
197
401
240
320
361
112
246
316
441
453
403
304
438
292
199
391
277
631
151
96
253
299
304
118
107
168
280
179
113
110
241
224
394
308
186
313
522
379
327
118
335
419
689
368
370
369
125
146
211
309
322
402
332
83
24
1
15
1014
13320
2
5
4
1
4
4
0
0
0
0
0
0
0
0
0
0
0
0
0
0
0
0
0
0
0
0
0
0
0
0
0
0
0
0
44
424
294
315
288
317
353
357
89
294
354
370
94
296
33
362
389
367
472
299
378
302
216
370
369
384
66
110
391
340
13
1
0
610
6593
0
0
0
0
0
0
0
4
6
6
6
2
201
397
365
365
290
302
317
376
467
411
539
239
397
318
512
712
793
625
268
382
427
398
428
427
339
396
326
272
412
441
100
57
664
8960
47
43
39
33
44
35
33
28
9
26
0
209
334
418
542
222
586
570
296
463
335
308
427
132
249
381
416
443
328
232
188
231
133
179
26
344
279
160
145
65
25
12
3
852
6569
0
0
0
0
0
0
0
0
0
0
0
11
334
456
367
286
228
332
221
306
283
362
366
380
193
276
279
234
367
368
291
241
263
279
312
349
323
42
313
350
303
398
328
405
476
103
17
18
982
8110
0
0
0
0
0
0
0
0
66
359
347
433
231
450
382
400
410
393
140
215
330
429
387
308
672
538
500
489
506
207
467
315
323
596
405
488
437
60
13
560
9616
0
0
0
0
0
0
0
0
0
0
0
0
227
289
362
306
229
212
320
309
415
130
181
297
526
559
307
215
191
396
357
301
340
367
416
79
262
221
248
316
327
374
564
307
65
814
6779
480
80
0
0
0
0
0
0
0
201
194
433
445
280
362
412
364
406
374
476
380
361
519
795
380
375
480
286
442
459
358
395
335
224
223
475
344
293
256
46
63
12
1014
8738
333
311
166
48
11
1
2
2
0
0
0
140
188
339
70
282
243
345
305
211
217
344
351
347
312
191
222
435
382
286
275
229
353
220
184
229
210
164
328
114
29
26
899
5340
0
0
0
0
0
0
0
0
0
0
0
107
340
371
284
37
190
425
372
379
367
96
260
335
483
160
280
1736
1527
1190
504
512
368
370
373
214
164
258
357
295
332
413
231
398
382
309
444
343
133
560
24
1215
8402
0
0
0
0
207
98
226
172
208
343
258
268
191
305
207
382
296
543
557
707
687
546
755
775
768
334
633
564
501
371
406
494
223
224
311
391
157
333
433
414
51
29
153
50
35
1244
6396
0
0
0
33
168
303
228
366
275
232
221
355
236
354
135
401
355
169
367
288
371
257
306
414
777
318
258
352
253
324
344
303
140
407
337
274
266
178
44
30
971
7326
0
0
0
0
0
0
0
0
189
203
182
278
210
181
220
319
370
328
165
288
386
397
200
213
413
395
322
122
282
427
367
220
81
331
283
407
335
175
414
269
65
267
238
288
312
359
364
200
436
363
183
170
208
322
383
277
64
274
183
364
248
215
58
6
2
1
996
11598
0
0
0
956
1044
644
746
731
635
592
626
670
346
46
435
331
403
455
228
381
304
257
212
412
468
370
293
311
197
359
370
644
512
147
221
329
528
262
110
129
909
5897
2
1
1
0
0
0
0
0
0
0
0
0
0
0
0
0
106
164
321
312
235
245
326
303
121
249
298
263
225
298
243
364
267
302
261
328
298
277
279
371
384
110
50
137
62
751
5538
0
0
0
0
0
0
0
0
0
0
0
10
10
233
667
562
603
721
714
315
712
367
370
448
224
580
411
339
391
465
333
531
504
73
17
16
1007
5801
0
0
0
0
206
281
315
601
298
460
390
511
274
348
696
358
452
440
354
600
351
336
492
371
714
266
286
87
227
299
298
266
402
213
363
516
133
399
350
239
374
316
405
350
304
225
532
130
31
789
1643
11199
0
0
0
0
0
179
58
199
176
199
167
242
47
9
175
226
203
310
320
372
316
400
280
208
276
448
548
267
180
206
130
517
638
111
211
78
170
89
137
82
107
68
274
108
84
131
88
50
59
107
307
104
52
210
98
75
91
34
43
46
44
76
91
72
39
69
44
224
34
13
8
21
51
76
88
61
27
21
61
51
31
34
15
10
252
100
311
236
185
169
297
294
343
147
287
72
168
159
282
247
284
218
241
137
35
141
232
213
196
182
337
128
87
276
287
288
223
451
221
210
109
210
130
212
290
82
181
229
89
251
89
161
245
53
40
4
0
1
0
1181
11822
2
0
0
0
2
2
0
0
0
0
0
0
0
0
0
0
0
0
0
0
0
0
0
0
0
0
0
0
0
0
0
0
0
0
192
77
120
150
134
186
125
31
29
212
59
222
133
191
157
228
151
21
28
246
245
191
125
152
270
69
69
319
306
293
277
196
136
205
306
210
252
118
254
113
383
192
173
310
159
132
71
45
159
122
63
69
57
54
119
238
203
93
49
93
121
125
37
43
28
235
16
72
63
41
44
37
32
50
58
45
42
30
71
96
61
34
47
35
21
30
33
31
38
32
330
186
133
243
230
159
268
232
166
181
365
138
183
344
230
297
279
290
310
234
122
215
342
295
327
559
387
168
153
444
426
408
233
240
343
344
352
410
409
134
316
255
201
290
232
250
263
183
188
226
732
39
21
1468
12042
53
0
314
314
0
0
0
0
253
222
200
298
193
211
88
312
291
330
399
137
264
260
274
260
225
51
338
361
258
378
266
223
49
250
311
272
421
277
69
16
2
25
732
6570
0
0
0
178
340
251
184
260
417
272
292
365
411
232
279
324
429
185
283
187
262
330
263
203
462
15
17
11
11
729
4822
0
0
0
205
252
230
350
236
313
78
237
131
278
146
268
157
260
230
393
193
402
128
290
235
423
343
361
459
330
80
240
268
106
296
306
259
302
67
266
163
316
343
301
638
350
98
6
4
1298
8105
0
0
0
0
0
0
0
0
0
53
216
140
163
318
373
161
281
206
280
326
243
347
305
283
345
183
290
389
567
361
270
173
413
170
460
591
357
215
334
260
230
300
295
339
34
16
1149
7396
0
0
0
302
340
904
811
62
138
272
232
277
76
279
68
300
314
183
396
413
173
365
265
471
221
898
1012
174
307
536
583
568
521
502
613
476
131
199
83
70
1318
5637
117
172
138
9
53
150
247
252
393
413
177
348
320
262
227
338
170
261
296
546
336
328
163
514
281
55
347
235
333
386
272
517
341
348
163
253
249
347
479
352
274
438
240
486
381
285
244
32
698
1238
9236
0
0
0
0
208
128
406
159
246
309
277
60
295
447
312
312
194
256
273
221
239
234
457
40
241
122
350
268
501
294
343
63
14
4
4
699
5560
0
0
0
0
0
0
0
51
144
265
259
101
189
263
283
92
350
101
234
228
341
309
247
223
624
229
259
505
236
316
275
338
115
276
221
343
96
370
138
363
373
450
375
461
424
542
278
303
461
858
349
483
844
852
469
409
452
521
488
339
137
86
246
257
1553
10506
24
92
188
366
246
0
0
0
0
228
665
957
655
413
578
488
593
400
423
436
312
389
74
488
3541
0
31
226
243
245
204
234
25
229
237
295
236
203
62
141
223
228
286
194
56
393
294
276
50
352
233
239
138
200
420
210
509
453
331
584
339
303
478
313
481
248
185
13
546
7416
0
0
0
0
0
0
0
12
255
418
281
290
278
327
470
417
417
443
429
788
1030
922
345
519
728
548
620
694
478
811
666
364
477
279
427
585
453
351
365
488
333
43
24
1261
9492
0
0
0
0
0
0
0
431
387
438
420
222
0
615
1322
961
879
760
279
425
422
349
401
335
434
490
402
405
307
289
244
375
545
774
696
136
493
393
597
496
555
460
367
240
318
442
469
222
241
1027
490
573
94
1294
9116
0
0
0
0
0
0
0
0
0
175
279
338
159
219
298
178
147
333
286
321
428
478
370
336
433
345
634
505
407
445
67
71
838
5294
0
0
3
206
401
513
355
414
284
342
319
356
262
277
302
473
544
662
687
641
878
1142
825
967
701
209
572
439
390
312
369
453
308
553
410
373
526
321
96
1404
9565
0
0
0
0
0
0
0
0
0
48
426
353
481
287
460
326
398
556
429
429
630
397
355
324
647
451
364
368
446
422
308
429
505
372
427
372
350
341
347
317
554
430
89
75
1236
9273
0
0
0
0
0
0
0
0
0
311
154
371
252
322
311
418
425
2049
1849
306
488
374
530
860
1128
649
204
420
315
413
596
226
315
134
385
319
241
306
250
383
278
135
37
15
1337
7212
0
0
0
0
0
0
0
0
189
328
290
238
337
291
195
234
287
261
208
282
320
380
542
93
315
311
409
194
538
213
274
346
178
314
321
453
173
295
220
317
352
346
41
32
930
7377
0
0
0
0
0
0
0
169
324
353
430
353
240
364
424
466
256
435
390
434
75
6
374
4251
0
0
299
328
239
143
306
233
348
31
311
355
250
214
300
113
89
100
284
65
20
35
37
30
327
74
36
11
116
103
62
220
137
120
325
127
140
277
161
142
389
71
227
97
260
176
469
307
171
582
41
291
120
89
202
131
172
295
304
248
247
141
432
59
295
102
301
231
386
73
39
30
4
4
1971
9381
0
0
0
0
148
85
180
74
237
115
129
275
42
264
105
263
197
136
325
81
262
122
263
197
12
261
143
297
206
119
264
163
255
169
388
63
70
263
130
223
311
108
290
228
189
231
260
386
563
95
320
49
188
159
380
174
300
265
141
213
190
44
321
97
76
270
204
345
302
196
287
81
215
634
405
89
276
94
318
169
400
129
20
6
3
3
5
1680
10563
0
0
0
0
0
149
111
182
87
231
112
118
265
43
265
121
258
181
120
287
37
257
104
267
172
0
262
119
284
188
101
179
132
204
151
328
40
32
258
110
219
406
108
202
222
164
200
102
286
520
101
336
49
179
162
297
164
313
264
136
219
315
144
331
136
73
290
97
223
295
156
284
89
415
671
417
84
279
109
522
239
406
136
38
37
126
18
17
1470
10623
0
0
0
0
0
0
0
211
104
164
250
175
119
269
284
146
309
227
152
265
282
164
334
278
142
308
268
125
269
208
286
289
50
37
387
11
681
4320
0
0
0
0
0
0
0
0
0
0
0
0
0
209
283
331
156
248
288
133
177
377
301
185
424
334
232
263
430
370
330
423
375
317
331
448
432
191
85
299
139
333
262
259
180
92
205
68
164
612
322
178
169
182
259
149
9
7
13
3
0
0
0
0
0
1456
7865
0
0
0
179
57
191
185
187
166
243
61
8
146
230
179
146
174
190
33
186
268
204
283
169
313
228
125
172
81
201
235
121
181
54
131
80
49
55
59
47
71
133
72
45
33
44
83
138
226
227
24
135
136
72
47
36
35
40
70
82
79
23
34
36
35
33
27
28
32
43
92
70
56
49
222
41
58
72
104
76
89
96
287
122
315
270
256
171
322
392
321
246
287
126
378
266
230
319
341
511
233
160
60
172
414
299
368
270
352
174
73
302
348
379
293
187
293
263
340
334
108
209
280
154
736
380
204
297
133
247
480
107
88
65
34
61
27
1332
11723
0
0
0
0
0
0
0
0
0
0
0
0
0
0
0
0
0
0
0
0
0
0
0
0
0
0
0
0
0
0
0
0
0
0
163
63
125
142
126
233
134
27
2
217
58
411
275
232
180
168
167
65
19
181
220
214
162
152
252
49
14
226
195
232
407
106
102
195
184
73
182
79
202
71
190
179
135
254
67
45
21
50
89
128
50
33
27
28
62
240
103
51
30
47
118
88
34
23
55
158
85
57
43
38
18
25
23
26
42
37
43
52
49
24
240
6
7
28
19
14
18
28
14
79
109
158
104
209
221
153
288
398
250
218
299
189
204
289
202
589
278
279
281
250
130
228
303
365
291
252
491
154
171
356
434
383
252
275
398
463
374
264
351
200
726
205
217
370
239
244
331
374
228
106
32
24
6
1350
12194
0
0
0
0
0
0
0
0
255
214
202
290
206
205
93
325
328
355
374
139
271
280
317
288
287
57
366
376
311
456
219
236
53
284
313
279
412
307
69
29
58
29
719
6470
0
0
7
278
327
207
327
199
37
221
339
284
296
276
47
98
276
212
163
305
293
274
37
225
448
331
283
274
132
238
56
149
190
305
283
368
322
80
25
7
6
0
0
0
762
6677
0
0
0
0
0
0
0
0
168
88
307
313
332
355
213
474
378
309
225
200
173
303
357
440
492
356
331
315
388
156
255
322
341
411
466
452
353
351
440
102
74
83
94
55
191
208
268
258
488
203
152
113
81
189
197
181
178
187
339
191
99
94
279
241
309
288
434
222
310
163
496
560
292
910
554
415
214
105
266
207
399
506
496
410
71
38
45
16
8
1235
13220
0
0
0
0
0
0
286
391
494
379
505
534
584
421
582
424
521
399
376
435
386
154
343
413
674
476
449
519
267
72
315
420
270
388
388
97
21
18
10
1002
9309
0
0
0
0
0
0
0
55
311
373
229
354
41
230
404
225
392
119
87
279
262
210
400
275
122
198
336
364
359
219
291
100
175
424
326
395
306
286
41
1
13
3
4
1
852
6570
0
0
0
0
0
0
0
0
0
0
0
0
165
20
237
232
269
330
323
163
472
241
346
401
261
207
146
321
288
299
358
407
317
442
265
337
488
209
328
327
369
393
487
287
722
369
276
321
414
371
178
54
41
191
242
108
78
180
229
212
208
146
239
202
222
221
193
265
276
557
229
101
384
469
247
572
326
352
142
194
276
310
313
439
409
126
39
11
9
1233
13197
0
0
2
1
1
0
582
661
742
644
976
1071
1132
883
1171
926
968
969
825
706
494
321
479
511
802
551
558
586
391
400
629
727
622
726
827
539
344
298
247
1235
9592
368
279
231
285
343
181
9
1
0
0
0
267
376
203
333
186
35
198
339
295
282
282
67
118
323
341
167
304
237
264
18
225
317
322
267
299
227
276
60
158
170
312
325
386
341
68
11
6
18
0
336
2
830
6601
0
0
0
0
0
0
0
0
169
94
295
316
326
383
200
456
380
297
230
210
166
422
295
365
365
363
342
331
403
156
313
385
342
383
333
373
308
372
406
104
67
183
131
118
138
178
398
90
51
39
39
35
42
158
148
147
142
81
46
43
21
33
210
212
327
309
579
231
269
552
569
852
428
1296
879
695
940
318
734
429
341
470
405
400
159
117
107
117
67
1273
13098
0
0
0
0
0
0
0
0
0
0
0
0
0
0
0
0
0
0
0
0
0
0
0
0
0
0
0
0
0
0
0
0
0
0
0
0
0
0
0
0
0
0
0
0
0
0
0
0
50
316
368
251
364
36
228
422
233
399
122
109
305
276
238
378
279
114
182
343
373
357
214
330
103
184
460
344
433
345
312
59
41
30
19
38
20
758
6663
0
0
0
0
0
0
0
18
598
1307
886
159
167
15
239
241
262
322
330
184
460
212
327
337
129
198
110
280
272
278
369
339
382
392
218
339
385
116
265
323
311
380
433
258
501
352
187
242
225
353
376
146
130
261
295
174
247
505
270
226
136
100
252
216
232
222
198
312
464
299
262
122
343
464
265
493
318
402
207
249
419
453
902
497
430
158
86
57
81
1200
13166
0
0
0
0
0
0
0
0
0
0
72
103
149
84
230
113
104
79
179
153
114
19
83
179
125
62
23
5
5
233
110
239
52
105
131
148
133
50
220
104
193
94
84
163
112
31
12
7
13
110
10
5
16
7
10
31
128
88
99
132
161
192
204
232
356
346
366
386
481
464
220
77
5
2
1
0
0
0
0
0
0
0
0
0
0
0
0
0
0
0
0
0
0
0
0
0
5
2
7
2
2
0
0
0
0
0
0
0
0
0
0
3
1
2
1
1
1
0
0
1
0
0
0
2
2
0
13
4
7
9
0
3
9
6
5
4
5
11
15
9
5
6
3
3
2
4
3
14
4
13
0
3
8
0
1
1
3
8
10
0
8
2
11
1
3
2
3
5
2
11
8
9
2
6
12
3
1
11
7
6
8
12
6
2
0
0
0
0
0
0
0
0
0
0
0
0
0
0
0
0
0
0
0
0
0
0
0
0
0
0
0
0
0
0
0
0
0
0
0
0
0
0
0
0
0
0
0
0
0
0
0
0
0
0
0
0
