0
0
0
0
0
0
0
0
0
0
0
0
0
0
0
0
0
0
0
0
0
0
0
0
0
0
0
0
0
0
0
0
0
0
0
0
0
0
0
0
0
0
0
0
0
0
0
0
0
0
0
0
0
0
0
0
300
0
0
0
0
0
0
0
0
0
0
0
0
0
0
0
0
0
0
0
0
0
0
0
0
0
0
0
0
0
0
0
0
0
0
0
0
0
0
0
0
0
0
0
0
0
0
0
0
0
0
0
0
0
0
0
0
0
0
0
0
0
0
0
0
0
0
300
300
0
0
0
0
0
0
0
0
0
0
0
0
0
0
0
0
0
0
0
0
0
0
0
0
0
0
0
0
0
0
0
0
0
0
0
0
0
0
0
0
0
0
0
0
0
0
0
0
0
0
0
0
0
0
0
0
0
0
0
0
0
0
0
0
0
0
0
0
0
0
0
0
0
0
0
0
0
0
0
0
0
0
0
0
0
0
0
0
0
0
0
0
0
0
0
0
0
0
0
0
0
0
0
0
0
0
0
0
0
0
0
0
0
0
0
0
0
0
0
0
0
0
0
0
0
0
0
0
0
0
0
0
0
0
0
0
0
0
0
0
0
0
0
0
0
0
0
0
0
0
0
0
0
0
0
0
0
0
0
0
0
0
0
0
0
0
0
0
0
0
0
0
0
0
0
0
0
0
0
0
0
0
0
0
0
0
0
0
0
0
0
0
0
0
0
0
0
0
0
0
0
0
0
0
0
0
0
0
0
0
0
0
163
163
185
191
200
209
222
228
235
261
267
276
288
299
312
314
342
348
353
367
372
392
399
409
420
427
448
458
466
478
485
495
496
498
0
451
0
516
517
517
0
0
0
0
536
538
539
0
548
549
550
0
0
0
0
0
0
0
0
0
0
0
0
0
0
0
0
0
0
0
0
0
0
0
0
0
0
0
0
588
588
611
616
623
628
647
656
665
679
691
692
719
720
732
747
756
765
776
783
789
817
823
830
840
848
868
870
874
900
852
865
926
931
955
960
968
979
985
1005
1013
1018
1041
1048
1052
1074
1074
1095
1102
1106
0
0
0
0
0
746
616
625
0
0
0
0
0
0
0
0
0
0
0
0
0
0
0
0
0
0
0
0
0
0
0
0
0
0
0
0
0
0
0
0
0
120
120
142
144
154
163
170
175
0
206
206
229
234
243
245
248
269
274
0
305
310
306
329
308
355
355
0
384
390
397
409
414
417
441
449
455
469
471
492
451
437
475
529
536
539
147
0
353
559
501
424
0
147
0
0
580
581
582
582
587
591
592
594
0
579
579
0
0
0
0
0
0
0
0
0
0
0
0
0
0
0
147
0
147
0
0
0
0
0
513
591
632
633
655
662
670
690
697
708
644
677
735
762
764
765
709
761
808
819
826
831
859
865
873
874
875
912
913
940
943
951
961
972
0
1001
1007
1017
1027
1049
1049
1067
1071
1082
1091
1101
1117
1128
1141
1147
892
763
0
0
859
613
623
0
0
0
0
0
0
0
385
393
406
428
434
461
474
504
512
533
548
559
593
606
619
638
651
0
700
706
727
746
759
781
783
821
834
848
872
882
892
0
698
527
775
636
642
0
0
383
390
405
423
435
442
476
484
499
515
531
535
573
580
590
600
627
630
652
660
691
688
701
730
745
753
777
778
815
821
839
846
869
880
889
897
0
0
0
0
0
711
637
634
0
0
0
0
0
0
0
113
123
148
161
182
204
213
253
265
297
307
325
355
381
393
416
426
445
472
490
522
526
569
589
607
623
641
672
687
712
736
718
0
0
0
340
715
781
745
741
792
0
340
340
0
819
821
825
830
831
0
0
0
0
865
871
884
897
917
918
945
945
931
961
988
1010
1024
1037
996
1052
1085
1089
1107
1118
1107
1145
1153
1158
0
0
0
0
631
639
0
0
0
0
0
269
285
311
348
390
419
451
481
532
551
593
608
643
672
686
710
743
767
787
803
840
871
888
897
935
953
971
987
1004
1013
0
0
0
1012
654
635
0
0
0
0
0
0
378
387
395
414
437
438
477
485
496
522
530
545
580
590
608
630
642
660
684
688
702
731
745
769
777
807
820
839
851
870
882
894
0
0
0
0
0
0
631
630
0
0
0
0
0
0
0
0
0
0
0
113
113
143
152
168
188
202
213
251
253
280
299
308
329
348
374
385
403
423
436
449
483
482
521
532
538
575
586
602
621
637
646
681
687
700
687
710
704
710
750
0
780
785
789
794
820
824
828
831
0
866
868
881
887
893
910
918
919
939
945
975
982
959
986
995
1006
1051
1075
1088
1103
1116
1130
1142
1151
0
0
0
0
640
644
0
0
0
0
0
0
0
0
0
0
0
0
0
0
0
0
0
0
0
0
0
0
0
0
0
0
0
0
0
0
0
0
0
0
364
379
400
419
435
461
479
491
524
542
564
574
607
607
637
652
670
680
664
692
723
787
809
832
852
864
898
914
921
932
0
0
0
637
630
0
0
0
0
0
0
0
0
0
0
0
238
252
271
293
319
352
392
412
441
460
501
514
529
574
616
644
695
698
733
749
769
804
830
851
872
923
938
969
998
1016
1030
0
0
680
679
0
0
0
0
0
0
0
0
0
0
355
366
389
420
445
478
495
525
551
566
590
623
637
567
689
725
757
779
797
813
829
842
867
867
910
920
933
879
765
936
0
0
0
621
617
0
0
0
0
0
0
0
0
0
0
0
263
271
298
327
354
373
396
429
449
473
499
521
530
576
587
609
628
650
671
703
734
757
778
801
822
834
878
890
920
947
961
993
1009
1025
0
0
0
654
651
0
0
0
0
0
0
0
0
247
266
295
324
359
373
416
438
471
487
521
555
589
608
641
672
703
731
762
790
811
863
880
895
946
971
1001
1021
1036
0
0
648
642
0
0
0
0
0
0
0
0
0
0
0
360
367
382
397
419
437
461
475
488
498
547
551
577
586
599
620
641
665
679
697
714
726
757
768
801
806
822
849
860
882
807
904
574
0
631
614
678
0
0
0
0
0
0
0
278
290
315
337
363
394
420
450
479
502
539
563
596
611
638
641
702
732
755
787
813
839
867
891
910
926
943
966
986
1005
1006
388
388
622
632
633
0
787
789
0
0
0
0
0
0
0
404
410
426
433
465
476
501
514
534
546
567
589
609
626
645
652
674
687
713
733
743
769
775
801
819
843
852
869
877
0
0
618
629
623
0
0
0
0
0
0
0
0
0
0
215
227
241
269
280
320
337
361
385
409
424
461
476
508
518
552
573
542
587
580
672
697
722
744
730
790
816
837
859
850
908
923
957
986
998
1023
1052
1067
864
864
0
629
636
0
0
0
324
332
349
361
380
400
421
436
457
480
493
529
524
595
656
727
690
685
767
671
781
719
768
733
774
760
789
812
806
856
828
882
885
920
930
947
958
0
687
687
0
751
644
640
0
0
319
323
333
355
374
395
425
435
456
470
493
512
538
541
574
599
606
627
646
665
690
695
691
754
775
785
805
825
846
862
890
902
932
947
959
966
0
0
629
630
0
0
0
0
0
0
0
157
168
179
203
211
232
255
276
289
306
319
323
360
384
400
420
435
457
463
487
512
521
536
565
572
573
599
645
661
669
707
717
724
766
779
773
810
818
821
851
887
741
647
938
960
979
989
1009
1024
944
1002
1091
1100
1123
1125
0
0
0
0
645
645
0
0
709
697
715
708
697
707
701
721
731
727
739
398
412
436
457
483
507
526
546
570
592
611
636
657
679
691
731
738
768
787
783
831
845
882
866
827
0
710
636
637
0
0
0
0
0
0
0
0
0
0
0
0
0
0
0
393
396
420
435
450
478
501
521
533
544
579
601
623
641
662
680
700
723
744
766
787
790
828
853
877
890
0
536
0
0
644
645
0
0
0
0
0
0
0
0
0
0
0
0
662
597
627
594
545
561
605
556
591
599
636
646
706
722
761
781
818
848
880
907
921
0
0
627
681
673
0
0
0
139
150
174
204
225
267
281
317
346
385
412
432
466
498
525
562
582
615
647
673
684
699
741
753
0
808
811
839
869
877
905
923
933
969
977
999
1022
1043
1061
1082
1061
1054
1139
1144
604
670
619
617
620
0
0
0
0
163
163
185
191
200
210
222
228
234
261
266
277
405
467
568
619
512
491
354
367
615
394
566
410
421
428
674
458
668
480
485
495
496
498
0
0
0
515
517
518
519
519
0
0
536
538
539
0
548
549
551
0
0
0
0
0
0
0
0
0
0
0
0
0
0
0
0
0
0
0
0
0
0
0
0
0
0
0
0
588
588
611
616
624
632
651
656
667
677
690
692
719
720
732
748
755
764
776
784
789
817
822
829
838
847
866
868
874
900
905
916
927
867
892
961
968
979
985
1005
1014
1018
1038
1048
1053
1074
1074
1095
1102
1106
0
0
0
0
0
350
619
623
0
0
0
0
0
0
0
0
0
0
0
0
0
0
0
0
0
0
0
0
0
0
0
0
0
0
0
0
0
0
0
0
0
120
121
134
144
154
164
170
165
0
193
206
230
234
243
251
254
260
274
118
286
310
304
330
331
354
355
0
385
431
397
447
381
318
444
449
454
469
471
492
494
510
516
527
537
539
0
0
0
559
560
562
0
118
0
0
580
581
582
581
590
589
593
594
0
0
0
0
0
0
0
0
0
0
0
0
0
0
0
0
0
0
0
0
0
0
0
0
0
0
0
476
554
633
655
664
669
691
696
708
713
733
735
762
763
768
789
797
808
818
826
831
859
866
872
883
820
912
911
939
943
950
960
971
996
1001
1007
961
1027
1049
1049
1067
1071
1083
1093
1063
1057
1128
1141
1147
1134
970
705
0
985
624
627
0
168
0
168
0
0
0
383
393
408
428
435
459
474
504
512
535
549
558
598
603
618
637
653
669
699
706
727
746
760
781
784
822
834
848
872
881
894
0
0
0
862
641
639
0
0
454
466
479
499
517
532
556
574
584
606
628
650
670
676
698
719
741
762
779
803
812
809
783
0
0
0
679
638
640
0
0
238
250
271
297
317
334
347
381
391
416
427
452
455
499
508
523
548
566
575
608
617
636
659
680
700
719
734
767
784
794
819
834
853
876
891
929
928
950
965
994
989
1010
942
529
0
469
651
645
0
0
0
0
0
0
0
0
251
266
270
299
327
353
377
399
411
455
467
491
507
540
567
581
596
635
652
671
695
717
740
777
784
822
821
839
882
915
936
960
977
1001
1020
1028
0
287
681
662
0
0
657
671
646
672
628
404
416
437
454
469
499
504
526
537
560
581
593
604
627
641
662
663
717
711
722
747
744
774
772
800
820
853
851
882
530
530
0
719
650
654
718
0
718
235
237
250
269
295
317
333
351
370
386
406
430
449
480
489
499
525
548
567
564
588
624
666
668
689
709
727
721
744
787
804
830
843
863
888
913
934
952
966
994
1012
1025
1043
1049
554
554
650
650
0
0
0
372
382
406
410
444
462
479
494
527
540
564
586
593
642
650
656
684
713
731
742
780
780
819
827
855
866
892
904
0
0
0
0
644
637
0
0
0
0
0
0
171
173
186
208
227
246
257
279
292
325
325
356
369
392
409
431
444
443
464
497
517
527
549
570
578
580
631
641
663
670
707
707
581
690
775
740
755
765
795
803
891
906
739
797
870
722
948
752
1019
1040
1061
1073
1053
1107
0
265
0
431
652
660
552
563
574
563
579
0
0
0
489
562
558
569
593
615
628
642
656
705
732
755
784
794
0
642
643
252
260
274
290
313
335
345
387
396
418
436
461
474
518
528
538
563
575
593
634
643
656
672
715
728
744
766
787
815
816
646
869
691
918
926
953
929
985
994
891
0
531
0
660
666
0
0
0
0
0
0
0
224
246
266
298
318
350
377
405
426
450
477
557
597
601
614
591
605
624
692
709
706
760
768
794
846
863
889
916
926
972
999
1020
1045
1057
0
1008
645
654
0
0
0
0
0
0
668
643
663
639
633
626
561
448
436
437
319
391
328
350
362
406
416
423
446
484
513
538
559
582
604
550
644
631
578
729
732
763
776
809
838
854
883
904
894
953
884
1000
871
764
1065
820
898
604
605
0
0
0
0
0
0
0
0
389
405
431
439
472
491
514
0
577
590
624
647
670
701
727
703
756
805
822
822
876
888
0
620
679
675
0
0
614
622
407
340
253
282
300
362
350
380
419
444
503
580
587
635
640
697
670
666
699
732
675
788
806
841
860
887
915
939
976
995
1024
1057
1079
1100
513
658
636
0
0
0
0
0
0
0
0
0
250
266
295
313
346
361
399
423
454
474
496
521
544
576
568
596
634
668
694
707
741
775
798
820
852
873
901
930
952
976
1001
1025
1041
0
421
639
631
0
0
0
0
0
0
0
0
279
285
319
333
358
384
418
450
590
489
606
529
543
650
604
639
600
659
699
713
736
765
784
815
818
870
884
905
926
947
970
994
1010
1020
0
0
647
650
0
0
0
0
0
0
0
301
314
338
364
387
406
418
443
463
484
504
529
547
567
591
534
642
653
672
685
714
722
741
774
787
818
830
853
867
902
907
931
951
974
920
0
0
638
637
0
0
0
0
0
0
434
451
477
504
533
569
616
647
685
712
756
778
818
835
0
745
638
644
0
222
231
255
262
288
297
320
329
370
379
404
415
445
450
460
476
478
479
482
0
0
0
515
516
518
0
539
539
541
560
567
579
596
608
620
634
648
659
674
682
713
715
732
735
760
767
776
752
802
834
835
847
866
876
892
905
916
932
948
955
977
980
1008
1011
1030
1039
1055
1058
0
0
0
0
746
639
642
0
0
0
165
166
184
189
209
216
229
245
252
272
271
297
304
311
340
340
360
359
385
384
385
422
423
447
457
463
491
493
506
510
533
517
0
570
556
565
605
611
634
641
655
667
659
640
672
663
732
736
766
768
783
787
810
820
826
846
853
857
889
889
893
920
923
946
955
965
982
987
1008
917
962
1038
1060
1061
1081
1091
1108
1112
1116
0
0
0
0
960
646
653
0
0
0
0
165
166
181
189
207
215
229
245
252
271
271
294
304
311
340
337
359
360
385
353
311
401
403
447
457
464
491
493
505
510
531
533
0
570
575
595
602
607
634
640
655
667
673
695
659
649
732
736
766
768
783
787
810
821
827
843
853
856
889
889
893
921
923
946
956
966
980
987
1008
986
1011
1038
1061
1063
984
1040
1107
1111
0
0
0
0
0
827
641
646
0
0
0
0
0
0
466
475
487
504
521
530
552
564
574
593
606
615
638
652
662
686
697
704
730
738
745
772
783
801
813
814
0
708
743
0
643
645
0
0
0
0
0
0
0
0
0
0
0
0
280
295
322
336
363
382
404
438
466
482
508
530
558
580
606
604
648
671
706
718
741
771
795
812
833
846
867
869
882
888
898
907
908
928
928
946
859
866
965
975
980
999
1002
1005
0
0
0
0
0
0
0
0
951
690
690
0
0
163
163
185
191
199
209
222
228
234
261
266
276
286
301
314
314
342
349
353
367
372
394
402
410
421
427
449
456
466
478
485
495
496
498
0
0
0
516
517
516
519
0
0
0
537
538
539
430
548
549
550
0
0
0
0
0
0
0
0
0
0
0
0
0
0
451
0
451
0
0
0
474
483
0
0
0
0
430
519
578
588
574
598
623
541
566
526
665
410
691
692
720
702
732
748
755
753
764
784
789
817
786
810
819
818
867
868
874
899
906
916
925
931
956
961
968
971
985
1006
1015
1020
881
948
1052
1074
1074
1091
1102
1106
0
0
0
0
0
642
620
623
0
0
0
0
0
0
0
0
0
0
0
0
0
0
0
0
0
0
0
0
0
0
0
0
0
0
0
0
0
0
0
0
0
121
120
134
144
154
161
167
173
0
206
206
229
234
243
250
262
269
274
0
305
311
319
330
299
354
355
0
385
390
398
409
414
0
444
449
454
471
471
492
494
510
516
526
536
538
0
0
559
559
560
561
0
0
0
0
349
503
582
580
587
591
593
594
0
118
0
0
0
0
0
0
0
0
0
0
0
0
0
0
0
118
118
0
0
0
0
0
0
0
0
630
632
633
655
663
669
691
664
670
713
735
734
701
659
768
686
747
808
818
822
817
860
807
865
881
888
912
840
880
943
950
960
972
0
1001
1006
1017
1027
1049
1049
956
948
1083
1093
1099
1117
1128
1118
1139
1080
0
0
0
118
620
622
0
0
0
0
0
0
0
384
395
410
429
436
459
477
504
513
534
548
557
598
607
618
637
645
649
700
707
718
748
757
782
785
821
833
847
872
881
893
0
0
0
568
639
641
0
0
385
390
405
424
434
442
476
484
497
515
531
536
572
580
591
602
627
630
652
660
690
698
700
728
747
753
776
777
815
820
836
846
869
878
890
897
0
0
0
0
0
702
630
629
0
0
0
0
0
0
0
113
123
149
160
182
202
213
253
265
291
303
324
358
380
393
417
431
463
482
501
529
537
569
589
606
628
622
642
654
712
738
743
0
0
0
0
779
738
737
700
627
270
255
0
345
818
820
824
829
831
547
340
0
0
865
822
884
894
916
918
844
844
973
981
989
925
981
982
1050
1052
1085
1090
1111
1118
1134
1145
1154
0
0
0
0
1006
635
643
0
0
0
0
0
270
284
308
346
389
422
454
481
532
551
592
610
647
673
692
711
741
769
782
807
841
854
888
897
935
953
970
988
1004
1013
1012
0
0
676
660
640
0
0
0
0
0
0
377
386
395
414
435
438
477
486
498
524
532
555
580
591
608
631
640
660
685
697
711
732
747
768
780
812
799
815
851
871
883
894
0
0
0
0
0
565
627
630
0
0
0
0
0
0
0
0
0
0
0
113
113
143
153
169
188
203
214
251
253
280
300
307
330
350
372
386
398
422
436
452
471
470
517
531
538
575
586
602
619
626
614
642
673
703
721
729
739
722
750
0
780
785
789
0
820
823
828
750
340
865
868
879
887
889
910
914
867
864
945
955
968
991
1018
1023
1043
1048
959
1089
1068
1115
1132
1142
1151
340
0
0
0
635
647
0
0
0
0
0
431
366
376
422
470
519
531
573
559
581
604
621
653
680
700
710
745
767
774
798
841
869
886
779
935
936
970
962
983
914
836
615
783
632
658
634
775
832
336
780
17
760
0
0
0
0
383
390
404
425
435
442
476
484
496
513
531
534
572
580
591
596
627
629
652
660
690
697
711
729
747
755
777
778
815
820
836
846
869
880
890
0
0
0
0
680
680
703
630
632
0
0
0
0
0
0
0
113
123
149
161
182
204
213
253
265
296
307
325
358
378
390
415
432
459
482
500
527
536
557
589
599
623
641
671
687
714
738
742
0
0
0
0
779
782
707
703
792
0
0
0
0
818
820
825
830
831
0
0
0
0
865
871
884
895
915
918
945
730
970
957
964
867
937
1017
875
828
993
942
1109
1120
1134
1146
1154
1154
0
0
0
438
628
645
0
0
0
0
0
0
0
0
0
0
0
0
0
0
0
0
0
0
0
0
0
0
0
0
0
0
0
0
0
0
0
0
0
0
0
0
0
0
0
0
0
0
0
0
0
0
0
378
386
395
414
434
438
477
486
497
521
531
555
580
590
604
631
640
660
685
697
711
732
747
771
781
811
783
787
853
870
882
894
0
896
0
0
0
0
636
634
0
0
0
0
0
0
0
362
436
393
436
328
113
143
153
169
187
203
213
252
252
280
300
307
331
349
373
385
403
422
436
440
471
482
519
532
538
575
586
601
620
626
626
654
687
703
721
729
739
745
691
0
780
784
789
794
740
755
828
831
0
865
869
878
887
891
910
889
920
937
948
976
982
989
1020
1022
990
1050
1078
1088
1102
1077
1097
1142
1151
0
0
0
0
634
642
0
0
0
0
0
0
0
0
0
521
523
530
534
543
548
554
556
573
576
583
586
603
609
611
614
0
0
0
648
650
660
662
678
681
688
694
697
711
713
721
725
732
745
748
750
0
0
0
0
0
0
0
0
0
0
0
0
0
0
0
647
678
646
729
627
613
662
661
609
632
610
544
0
0
0
0
0
0
0
0
0
0
0
0
0
0
0
0
0
0
0
0
0
0
0
0
0
0
0
0
0
0
0
0
0
0
0
0
0
0
0
0
0
0
0
0
0
0
0
0
0
0
0
0
0
0
0
0
0
0
0
0
0
0
0
0
0
0
0
0
0
0
0
0
0
0
0
0
0
0
0
0
0
0
0
0
0
0
0
0
0
0
0
0
0
0
0
0
0
0
0
0
0
0
0
0
0
0
0
0
0
0
0
0
0
0
0
0
0
0
0
0
0
0
0
0
0
0
0
0
0
0
0
0
0
0
0
0
0
0
0
0
0
0
0
0
0
0
0
0
0
0
0
0
0
0
0
0
0
0
0
0
0
0
0
