0
0
0
0
0
0
0
0
0
0
0
0
0
0
0
0
0
0
0
0
0
0
1
5
203
273
376
111
192
181
172
322
186
303
281
76
98
389
371
77
86
535
468
124
422
377
89
73
90
120
97
582
445
90
99
84
58
108
69
406
396
275
175
123
121
51
35
85
43
117
76
280
181
153
128
100
87
116
80
110
99
262
131
165
157
84
49
82
103
118
75
299
140
83
115
79
57
119
75
104
90
255
132
75
80
86
77
59
58
97
66
261
118
78
177
164
260
320
433
96
47
0
0
0
0
0
0
0
0
0
0
0
0
0
0
0
0
0
0
0
0
0
0
0
0
0
0
0
0
0
0
0
0
0
0
0
0
0
0
0
0
0
0
0
0
0
0
0
0
0
0
0
0
0
0
0
0
0
0
0
0
0
0
0
0
0
0
0
0
0
0
0
0
0
0
0
0
0
0
0
0
0
0
0
0
0
0
0
0
0
0
0
0
0
0
0
0
0
0
0
0
0
0
0
0
0
0
0
0
0
0
0
0
0
0
0
0
0
0
0
0
0
0
0
0
0
0
0
0
0
0
0
0
0
0
0
0
0
0
0
0
0
0
0
0
0
0
0
0
1
4
6
90
225
227
163
0
0
0
0
0
0
0
0
0
0
0
0
0
0
0
0
0
0
0
0
0
0
0
0
0
0
0
0
0
0
0
0
0
0
0
0
0
0
0
0
0
0
0
0
0
0
0
0
0
0
0
0
0
0
0
0
0
0
0
0
0
0
0
0
0
0
0
0
0
0
0
0
0
0
0
0
0
0
0
0
0
0
0
0
0
0
0
0
0
0
79
79
0
0
0
0
0
0
0
0
0
0
0
0
0
0
0
0
0
0
0
0
0
0
0
0
0
0
0
0
0
0
0
0
0
0
0
0
0
0
0
0
0
0
0
0
0
0
0
0
0
0
0
0
0
0
0
0
0
0
0
0
0
0
0
0
0
0
0
0
0
0
0
0
0
0
0
0
0
0
0
0
0
0
0
0
0
0
0
0
0
0
0
0
0
0
0
0
0
0
0
0
0
0
0
0
0
0
0
0
0
0
0
0
0
0
0
0
0
0
0
0
0
0
0
0
0
0
0
0
0
0
0
0
0
0
0
0
0
0
0
0
0
0
0
0
0
0
0
0
0
0
0
0
0
0
0
0
0
0
0
0
0
0
0
0
0
0
0
0
0
0
0
0
0
0
0
0
0
0
0
0
0
0
0
0
0
0
0
0
0
0
0
0
0
0
0
0
0
0
0
0
0
0
0
0
0
0
0
0
0
0
0
0
0
0
0
0
0
0
0
0
0
0
0
0
0
0
0
0
0
0
0
0
0
0
0
0
0
0
0
0
0
0
0
0
0
0
0
0
0
0
0
0
0
0
0
0
0
0
0
0
0
0
0
0
0
0
0
0
0
0
0
0
0
0
0
0
0
0
0
0
0
0
0
0
0
0
0
0
0
0
0
0
0
0
0
0
0
0
0
0
0
0
0
0
0
0
0
0
0
0
0
0
0
0
0
0
0
0
0
0
0
0
0
0
0
0
0
0
0
0
0
0
0
0
0
0
0
0
0
0
0
0
0
0
0
0
0
0
0
0
0
0
0
0
0
0
0
0
0
0
0
0
0
0
0
0
0
0
0
0
0
0
0
0
0
0
0
0
0
0
0
0
0
0
0
0
0
0
0
0
0
0
0
0
0
0
0
0
0
0
0
0
0
0
0
0
0
0
0
0
0
0
0
0
0
0
0
0
0
0
0
0
0
0
0
0
0
0
0
0
0
0
0
0
0
0
0
0
0
0
0
0
0
0
0
0
0
0
0
0
0
0
0
0
0
0
0
0
0
0
0
0
0
0
0
0
0
0
0
0
0
0
0
0
0
0
0
0
0
0
27
26
13
30
18
14
0
0
0
0
0
0
0
0
0
0
0
0
0
0
0
0
0
0
0
0
0
0
0
0
0
0
0
0
0
0
0
0
0
0
0
0
0
0
0
0
0
0
0
0
0
0
0
0
0
9
9
7
7
0
0
0
0
56
56
0
0
0
0
0
0
0
0
0
0
0
0
0
0
7
7
0
138
138
0
0
0
0
0
0
0
0
0
0
0
0
0
0
0
0
0
0
0
0
0
0
0
0
0
0
0
0
0
0
0
0
0
3
43
37
6
2
5
0
0
0
0
0
0
0
0
0
0
0
0
0
0
0
0
0
0
0
0
0
0
0
0
0
0
0
0
0
0
0
0
0
0
0
0
0
0
0
0
0
0
0
0
0
0
0
0
0
0
0
0
0
0
0
0
0
0
0
0
0
0
53
125
42
114
89
62
200
117
214
183
293
236
242
35
154
391
513
499
650
272
183
144
295
272
101
414
752
836
861
561
356
283
170
264
427
176
2801
0
0
0
0
89
87
178
18
98
203
138
334
148
157
167
221
70
185
441
560
438
578
314
304
419
392
361
290
528
414
495
748
122
115
2414
0
0
0
0
0
0
0
0
0
0
0
0
2
20
32
89
24
7
5
29
43
265
56
194
273
321
246
154
207
162
152
378
282
436
482
443
684
445
458
470
463
377
227
322
485
486
864
2911
8
11
189
152
3
0
0
441
472
482
199
586
382
381
315
263
338
700
674
913
513
413
400
2663
12
0
0
4
133
131
162
185
267
212
366
294
215
392
424
785
387
431
505
487
531
475
448
756
739
1015
452
2600
0
0
0
0
0
0
0
0
0
0
0
0
0
0
0
0
0
0
37
128
28
16
204
142
280
397
385
705
461
333
404
568
388
340
301
614
588
1106
903
461
461
325
146
410
504
925
823
1449
873
735
629
4319
0
0
0
17
201
68
143
76
91
153
241
255
295
305
379
625
316
239
259
226
136
236
352
372
511
805
325
317
293
588
240
130
531
644
592
740
346
336
340
36
3020
1
0
0
0
0
0
0
0
0
0
0
0
0
0
0
0
0
0
0
0
7
87
49
46
159
199
206
318
234
185
353
292
394
594
667
399
252
446
401
332
424
541
706
748
1143
688
870
376
110
339
3545
0
0
0
52
96
83
42
186
105
178
210
121
216
397
356
104
174
324
150
271
271
456
362
614
350
257
212
107
144
1948
0
0
0
0
0
0
0
0
0
0
0
0
0
0
0
0
0
0
0
0
0
0
0
0
0
0
0
0
0
0
0
0
0
0
0
0
0
0
5
25
30
0
0
0
0
0
0
0
0
0
0
0
2
12
10
0
0
1
0
0
14
15
0
0
0
0
0
0
0
0
3
3
1
1
0
0
0
2
4
5
8
19
6
7
1
3
5
1
2
2
2
3
1
1
4
4
2
3
2
11
13
2
2
5
2
11
6
5
5
17
15
19
6
25
33
0
0
0
0
0
0
0
0
0
0
0
0
0
0
0
0
0
0
0
0
0
0
0
0
6
2
1
3
6
0
0
0
0
0
28
7
26
1
0
0
0
0
0
0
1
1
10
10
10
5
5
0
0
0
11
6
2
15
0
0
0
0
0
0
0
8
0
2
5
6
8
7
0
0
8
0
2
5
11
0
0
0
0
0
0
0
0
0
7
7
0
0
0
0
0
0
0
0
0
0
0
0
0
0
0
0
0
0
0
0
0
0
0
0
0
0
0
0
0
0
0
0
0
1
1
0
0
0
0
0
0
0
0
0
0
0
0
0
0
0
17
0
3
1
2
15
0
5
13
16
31
10
27
0
1
1
0
0
0
0
0
2
0
2
0
0
1
1
18
1
1
22
2
0
26
26
0
0
0
0
0
0
0
0
0
0
0
0
0
0
0
0
0
0
0
0
0
0
0
0
0
0
0
0
0
1
1
0
0
0
0
0
0
0
0
0
0
0
12
12
0
0
0
0
0
0
0
0
0
0
13
13
0
0
0
0
0
0
0
0
0
0
0
1
1
0
0
0
0
0
0
0
0
0
0
0
0
0
1
1
0
0
0
0
0
0
0
0
0
0
0
0
0
0
0
0
0
0
0
0
0
0
0
0
0
0
0
0
0
0
0
0
0
0
0
3
3
0
0
4
4
0
0
0
2
2
6
1
15
16
5
39
14
17
6
12
12
18
17
10
24
31
12
7
6
20
11
20
24
16
29
18
40
0
0
0
0
0
0
0
0
0
0
0
0
0
0
0
0
0
0
0
0
0
0
0
0
0
0
0
0
0
0
0
0
0
0
0
0
0
0
0
0
0
0
0
0
0
0
0
0
1
110
125
154
140
542
520
38
113
105
19
13
4
27
26
12
5
6
18
63
102
58
71
90
69
40
13
15
120
119
0
17
17
0
1
1
0
1
1
0
0
0
0
0
0
0
0
0
0
0
0
0
0
0
0
14
7
102
182
44
3
140
231
124
91
95
205
400
315
213
105
232
137
150
104
106
206
458
257
1213
0
0
0
0
0
0
0
0
0
0
0
0
45
88
263
168
110
272
171
204
160
206
266
345
275
620
515
735
270
401
158
446
248
210
438
713
756
1085
305
199
468
303
434
334
580
808
849
1116
516
346
428
289
106
245
365
648
687
3624
0
0
0
0
0
0
0
1
8
8
1
0
6
6
0
0
6
6
2
2
1
2
15
12
5
6
12
11
0
6
6
0
0
0
0
0
0
1
1
0
0
0
0
0
0
0
0
0
0
0
0
0
0
0
0
0
0
2
2
0
1
0
1
0
0
0
0
0
1
1
0
2
0
2
0
0
0
0
2
2
0
0
0
0
0
0
0
0
0
0
0
0
0
0
0
0
0
0
1
8
57
71
67
136
121
26
54
36
83
114
45
108
115
195
170
56
119
182
168
254
191
202
203
183
232
134
41
174
151
400
116
104
84
95
148
136
43
221
233
454
337
294
249
204
358
311
313
505
553
708
310
207
137
289
183
372
306
522
676
974
488
375
508
312
308
384
321
365
460
941
287
330
334
345
411
505
433
756
800
1032
394
370
386
356
441
496
634
743
339
1430
577
672
485
474
461
403
379
410
440
1204
622
998
638
1270
303
213
353
431
480
1802
541
335
592
341
18
46
3
0
0
0
0
0
0
0
0
0
0
0
0
0
0
0
0
0
0
0
0
0
0
0
0
0
0
0
0
0
0
0
0
0
0
0
0
0
0
0
0
0
0
0
0
0
0
0
0
0
0
0
0
0
0
0
0
0
0
0
0
0
0
0
0
0
0
0
0
0
0
0
0
0
0
0
0
0
0
0
0
0
0
0
0
0
0
0
0
0
0
0
0
0
0
0
0
0
0
0
0
0
0
0
0
0
0
0
0
0
0
0
0
0
0
0
0
0
0
0
0
0
0
0
0
0
0
0
0
0
0
0
0
0
0
0
0
0
0
0
0
0
0
0
94
158
197
130
209
83
106
64
62
81
14
74
108
130
46
3
3
0
0
0
0
5
52
74
84
85
174
82
159
194
267
133
307
267
220
38
122
308
244
665
375
268
393
494
664
517
664
235
62
967
754
367
221
403
234
440
475
429
478
951
452
294
421
35
32
3304
401
371
297
320
253
258
239
685
926
380
134
114
188
386
378
280
211
155
131
179
179
357
377
611
311
461
183
208
331
357
443
454
477
775
2512
94
6
0
5
0
0
0
0
0
0
0
0
0
0
0
0
0
0
0
0
0
21
117
5
4
111
112
139
114
42
82
224
45
64
168
197
321
393
626
293
311
187
510
183
204
413
446
491
533
303
317
589
157
596
701
168
386
351
1027
572
448
517
552
431
588
566
717
609
929
428
388
524
3991
42
93
35
105
161
209
92
182
143
204
194
253
290
423
347
631
361
222
357
264
1159
2045
593
2049
1394
945
144
2102
2
2
0
0
0
0
0
7
22
17
10
37
36
43
8
100
35
38
119
42
162
256
277
436
450
383
238
695
450
196
325
445
279
486
708
845
714
1145
801
615
476
597
552
562
540
698
720
1091
296
292
4139
63
4
127
46
139
135
281
203
311
142
230
319
418
275
389
517
697
446
322
591
171
94
353
449
654
576
993
323
305
314
470
242
498
469
918
869
1600
1132
542
597
680
539
602
1106
1420
739
1151
122
3424
192
23
417
369
21
31
23
0
0
62
20
154
125
336
293
311
322
478
401
209
277
800
1050
480
811
690
641
822
565
391
450
337
119
464
438
758
745
1216
539
422
419
338
217
472
4239
13
6
4
0
0
137
26
148
90
193
268
240
325
240
122
269
281
200
250
318
442
305
584
223
276
280
208
121
258
229
325
540
978
2357
173
0
0
0
0
0
0
0
0
0
0
0
0
0
0
0
0
0
0
0
0
0
0
1
9
9
19
24
24
0
0
0
0
0
0
0
0
0
1
2
2
0
0
0
1
0
0
0
2
2
0
0
0
0
1
0
0
1
0
0
0
0
0
0
0
0
0
0
0
9
2
2
1
1
1
1
5
1
7
9
5
4
16
15
1
1
2
2
2
11
12
1
4
1
2
3
6
2
2
4
15
15
0
0
2
1
3
5
0
0
0
0
0
0
0
0
0
0
0
0
0
0
0
0
0
0
0
0
0
0
0
0
2
2
8
8
0
0
0
0
0
0
0
0
1
25
22
2
0
0
0
0
35
31
3
3
26
3
30
2
1
3
1
0
1
0
0
9
25
25
0
25
26
10
10
6
17
10
6
0
0
3
0
1
0
8
7
3
38
37
3
0
4
1
9
8
8
6
4
1
1
8
0
0
0
0
0
0
0
0
0
0
0
0
0
0
0
0
0
0
0
0
0
0
0
0
0
0
0
0
0
0
0
0
0
0
0
0
0
0
0
0
0
0
0
0
0
1
8
7
0
0
0
0
0
0
0
0
0
0
0
25
25
0
0
1
2
0
25
2
26
32
3
2
2
1
29
1
1
1
2
3
0
0
1
0
2
0
11
22
0
26
18
1
6
7
13
0
0
0
0
0
0
0
0
0
0
0
0
1
1
0
0
0
0
0
0
0
1
1
0
0
1
1
0
0
0
0
0
0
0
0
0
0
0
0
0
0
0
0
0
0
0
0
0
0
0
0
0
0
0
0
0
0
0
0
0
0
0
0
0
0
0
0
0
0
0
0
0
0
0
0
0
0
0
0
0
0
0
0
0
0
0
0
0
0
0
0
0
0
0
0
0
0
0
0
0
0
0
0
5
5
12
9
11
0
9
0
10
1
0
0
0
0
3
3
0
24
16
7
8
15
22
16
1
0
2
2
19
9
19
0
43
35
40
14
4
28
15
13
16
7
18
21
0
0
0
0
0
0
0
0
0
0
0
0
0
0
0
0
0
0
0
0
3
0
0
0
3
0
0
1
1
0
0
0
0
0
0
0
0
0
0
0
0
0
0
0
0
0
0
0
0
0
1
1
0
0
0
0
0
0
0
0
0
0
0
0
4
6
0
0
1
0
3
0
0
1
1
0
0
0
0
0
0
0
0
0
0
0
0
0
0
0
0
0
0
0
0
0
138
145
0
4
72
82
229
133
193
74
66
181
136
329
267
418
253
397
451
186
138
120
189
345
1113
1
0
0
0
0
0
0
0
0
0
0
0
0
0
40
78
88
154
210
159
111
252
295
396
269
334
241
266
243
163
303
564
584
706
424
293
245
274
360
259
371
508
713
958
267
373
322
428
309
398
310
624
639
1332
501
388
324
380
222
426
333
535
3372
0
0
0
0
0
0
0
0
0
0
0
0
0
0
0
0
0
0
0
0
0
0
0
0
0
0
0
0
0
0
0
0
0
0
0
0
0
0
0
0
0
0
0
0
0
0
0
0
0
0
0
0
0
0
0
0
0
0
0
0
0
0
0
0
0
0
0
0
0
0
0
0
0
0
0
0
0
0
0
0
0
0
0
0
0
0
0
0
0
0
0
0
0
0
0
0
0
0
0
0
4
5
3
11
82
74
48
155
82
21
153
45
49
11
99
76
137
156
117
78
277
102
33
69
150
223
101
141
293
237
445
197
133
82
222
323
332
300
397
479
863
621
340
548
417
658
620
664
455
431
880
601
442
123
387
136
335
511
710
720
1159
298
316
470
421
340
249
611
646
797
998
445
578
373
216
156
324
224
774
792
1314
613
1216
659
1522
167
25
754
811
983
954
589
523
543
207
363
401
408
710
753
987
340
236
285
248
441
531
500
735
694
918
261
227
298
302
128
291
559
678
913
1850
543
642
664
271
83
19
0
0
0
0
0
0
0
0
0
0
0
0
0
0
0
0
0
0
0
0
0
0
0
0
0
0
0
0
0
0
0
0
0
0
0
0
0
0
0
0
0
0
0
0
0
0
0
0
0
0
0
0
0
0
0
0
0
0
0
0
0
0
0
0
0
0
0
0
0
0
0
0
0
0
0
0
0
0
0
0
0
0
0
0
0
0
0
0
0
0
0
0
0
0
0
0
0
0
0
0
0
0
0
0
0
0
0
0
0
0
0
0
0
0
0
0
0
0
0
0
0
0
0
0
0
0
0
0
0
0
0
0
0
0
0
0
0
0
0
0
0
0
0
0
0
0
0
0
0
0
0
0
0
0
0
0
0
0
0
0
0
0
0
0
0
0
0
0
0
0
0
0
0
0
0
0
0
0
0
0
0
0
0
0
0
0
0
0
0
0
0
0
0
0
0
0
0
0
0
0
0
0
0
0
0
0
0
0
0
0
0
0
0
0
0
0
0
0
0
0
0
0
0
0
0
0
0
0
0
0
0
0
0
0
0
0
0
0
0
0
0
0
0
0
0
0
0
0
0
0
0
0
0
0
0
0
0
0
0
0
0
0
0
0
0
0
0
0
0
0
0
0
0
0
0
0
0
0
0
0
0
0
0
0
0
0
0
0
0
0
0
0
0
0
0
0
0
0
0
0
0
0
0
0
0
0
0
0
0
0
0
0
0
0
0
0
0
0
0
0
0
0
0
0
0
0
1
1
0
0
0
0
0
973
973
0
0
0
0
0
0
0
0
0
0
0
0
0
0
0
0
0
0
0
0
0
0
0
0
0
0
0
0
0
39
125
546
966
1973
1943
829
1
0
0
0
13
13
0
0
0
0
0
0
0
0
0
0
0
0
0
0
0
0
0
0
0
0
0
0
0
0
0
0
0
0
0
0
0
0
0
0
0
0
0
0
0
0
0
0
0
0
0
0
0
0
0
0
0
0
0
0
0
0
0
0
0
0
0
0
0
0
0
0
0
0
0
0
0
0
0
0
0
0
0
0
0
0
0
0
0
0
0
0
0
0
0
0
0
0
0
0
0
0
0
0
0
0
0
0
0
0
0
0
0
0
0
0
0
0
0
0
0
0
0
0
0
0
0
0
0
0
0
0
0
0
0
0
0
0
0
0
0
0
0
0
0
0
0
0
0
0
0
0
0
0
0
0
0
0
0
0
0
0
0
0
0
0
0
0
0
0
0
0
0
0
0
0
0
0
0
0
0
0
0
0
0
0
0
0
0
0
0
0
0
0
0
0
0
0
0
0
0
0
0
0
0
0
0
0
0
0
0
0
0
0
0
0
0
0
0
0
0
0
0
0
0
0
0
0
0
0
0
0
0
0
0
0
0
0
0
0
0
0
0
0
0
0
0
18
18
0
0
0
0
0
18
18
2
190
676
628
445
91
4
0
0
0
0
112
201
235
147
56
55
2
5
42
42
286
476
611
1154
951
694
549
434
259
111
0
14
30
16
207
360
553
364
78
182
338
357
304
150
42
27
149
204
204
103
367
307
184
102
16
22
43
183
183
392
818
512
541
219
200
260
273
392
264
162
134
96
23
89
325
531
790
312
0
0
38
218
358
465
377
196
10
0
21
21
0
0
0
0
0
0
0
0
0
0
0
0
0
0
0
0
0
0
0
0
0
0
0
0
0
0
0
0
0
0
0
0
0
0
0
0
1
1
0
0
0
0
97
98
27
37
9
4
0
28
176
152
7
12
18
13
0
0
0
0
0
0
0
36
37
5
6
1
1
0
2
0
10
34
50
75
74
107
72
10
0
1
118
116
84
53
61
109
0
33
160
176
52
39
41
18
80
106
28
7
0
0
0
0
0
0
1
73
153
38
133
82
227
69
109
267
147
114
165
124
233
103
227
301
268
526
455
301
481
474
364
453
1132
0
0
0
0
0
0
0
36
102
163
128
194
233
154
277
252
207
212
229
259
541
591
795
211
446
440
228
337
293
246
584
549
1229
523
450
345
752
532
467
426
638
336
1189
358
497
485
352
379
308
312
444
489
1209
271
386
408
3416
0
0
0
0
0
0
0
0
0
0
0
0
0
0
0
0
0
0
0
0
0
0
0
0
0
0
0
0
0
0
0
0
0
0
0
0
1
1
1
1
0
0
0
0
0
0
0
0
0
0
0
0
0
0
0
0
0
0
0
0
0
0
0
0
0
1
1
0
0
1
0
1
0
0
0
0
0
0
0
0
0
0
0
0
0
0
0
0
0
0
0
0
0
0
0
0
0
0
0
0
0
0
0
13
3
96
48
56
151
70
49
128
66
53
120
143
187
171
136
158
132
145
157
279
243
502
129
62
95
88
43
106
94
251
269
427
306
293
245
286
329
348
236
498
531
775
363
357
356
230
333
401
310
363
472
785
428
531
428
548
547
461
520
853
890
967
490
470
416
380
332
218
235
238
438
950
256
279
489
575
410
425
367
712
672
944
409
424
278
266
153
322
291
617
626
4190
0
0
0
0
0
0
0
0
0
0
0
0
0
0
0
0
0
0
0
0
0
0
0
0
0
0
0
2
31
29
0
47
52
5
3
3
0
0
33
33
30
30
0
1
1
1
43
46
2
15
18
3
0
0
9
13
1
3
0
0
3
65
170
120
57
34
36
23
50
68
87
167
153
70
36
39
297
273
0
0
0
0
0
0
0
0
0
0
0
0
2
2
225
101
52
67
68
90
161
222
122
140
147
143
155
113
162
172
193
461
185
223
324
383
302
246
252
253
151
415
78
191
1088
7
0
0
0
0
0
0
0
0
0
21
72
115
55
170
173
152
322
186
176
217
231
202
315
409
343
765
139
239
130
400
403
386
298
540
411
1085
313
536
518
259
432
333
408
304
361
1336
501
290
340
348
286
319
254
319
449
1463
3002
0
0
0
0
0
0
0
0
1
4
3
0
0
0
0
8
11
3
0
7
7
80
136
123
59
0
0
24
24
27
27
2
27
115
125
78
91
82
67
20
16
5
78
109
51
95
116
68
34
13
2
0
0
0
0
20
89
86
37
0
0
0
0
3
3
0
7
7
0
21
21
0
0
6
6
55
128
163
139
132
11
0
0
0
0
0
0
0
0
0
0
0
0
0
0
0
0
11
12
95
39
72
100
50
18
65
47
55
144
119
89
118
229
126
95
169
163
119
224
72
195
82
57
150
13
100
228
234
445
119
105
110
100
140
127
192
134
179
539
137
219
222
230
323
288
276
296
295
699
156
151
152
172
196
392
149
473
441
1056
241
169
161
357
380
315
444
364
307
963
242
186
191
346
331
376
329
277
267
1215
178
172
112
259
142
240
187
202
285
941
203
156
165
180
265
228
74
779
810
1246
171
226
214
461
594
1198
1284
237
387
576
1
31
0
0
0
0
0
0
0
0
0
0
0
0
0
0
0
0
0
0
0
0
0
0
0
0
0
0
0
0
0
0
0
0
0
0
0
0
0
0
0
0
0
0
0
1
3
10
15
38
38
59
158
238
189
427
490
556
713
785
772
671
816
721
777
797
610
860
34
28
0
2
2
3
429
145
149
175
208
75
2
2
16
16
0
0
0
0
0
0
0
0
0
0
0
0
0
0
0
0
0
0
0
0
0
0
0
0
0
0
0
0
0
0
0
0
0
0
0
0
0
0
0
0
0
0
0
0
0
0
0
0
0
0
0
0
0
0
0
0
0
0
0
0
0
0
0
0
0
0
0
0
0
0
0
0
0
0
0
0
0
0
0
0
0
0
0
0
0
0
0
0
0
0
0
0
0
0
0
0
0
0
0
0
0
0
0
0
0
0
0
0
0
0
0
0
0
0
0
0
0
0
0
0
0
0
0
0
0
0
0
0
0
0
0
0
0
0
0
0
0
0
0
0
0
0
0
0
0
0
0
0
0
0
0
0
0
0
0
0
0
0
0
0
0
0
0
0
0
0
0
0
0
0
0
0
0
0
0
0
0
0
0
0
0
0
0
0
0
0
0
0
0
0
0
0
0
0
0
0
0
0
0
0
0
0
0
0
0
0
0
0
0
0
0
0
0
0
0
0
0
0
0
0
0
0
0
0
0
0
0
0
0
0
0
0
0
0
0
0
0
0
0
0
0
0
0
0
0
0
0
0
0
0
0
0
0
0
0
0
0
0
0
0
0
0
0
0
0
0
0
0
0
0
0
0
0
