0
0
0
0
0
0
0
0
0
0
0
0
0
0
0
0
0
0
0
0
0
0
1
4
203
414
732
729
791
862
878
904
938
1165
946
954
948
1255
946
963
983
1220
928
940
1246
955
966
965
951
951
972
1200
899
903
918
940
944
944
951
1267
967
924
899
912
925
936
937
944
949
990
988
886
933
918
952
920
919
929
929
923
912
894
925
952
941
947
944
950
973
957
952
857
883
882
905
920
905
920
929
945
929
906
920
925
953
951
956
953
981
988
992
927
933
923
968
880
714
514
91
47
0
0
0
0
0
0
0
0
0
0
0
0
0
0
0
0
0
0
0
0
0
0
0
0
0
0
0
0
0
0
0
0
0
0
0
0
0
0
0
0
0
0
0
0
0
0
0
0
0
0
0
0
0
0
0
0
0
0
0
0
0
0
0
0
0
0
0
0
0
0
0
0
0
0
0
0
0
0
0
0
0
0
0
0
0
0
0
0
0
0
0
0
0
0
0
0
0
0
0
0
0
0
0
0
0
0
0
0
0
0
0
0
0
0
0
0
0
0
0
0
0
0
0
0
0
0
0
0
0
0
0
0
0
0
0
0
0
0
0
0
0
0
0
0
0
0
0
0
0
1
3
3
87
196
163
0
0
0
0
0
0
0
0
0
0
0
0
0
0
0
0
0
0
0
0
0
0
0
0
0
0
0
0
0
0
0
0
0
0
0
0
0
0
0
0
0
0
0
0
0
0
0
0
0
0
0
0
0
0
0
0
0
0
0
0
0
0
0
0
0
0
0
0
0
0
0
0
0
0
0
0
0
0
0
0
0
0
0
0
0
0
0
0
0
0
0
79
0
0
0
0
0
0
0
0
0
0
0
0
0
0
0
0
0
0
0
0
0
0
0
0
0
0
0
0
0
0
0
0
0
0
0
0
0
0
0
0
0
0
0
0
0
0
0
0
0
0
0
0
0
0
0
0
0
0
0
0
0
0
0
0
0
0
0
0
0
0
0
0
0
0
0
0
0
0
0
0
0
0
0
0
0
0
0
0
0
0
0
0
0
0
0
0
0
0
0
0
0
0
0
0
0
0
0
0
0
0
0
0
0
0
0
0
0
0
0
0
0
0
0
0
0
0
0
0
0
0
0
0
0
0
0
0
0
0
0
0
0
0
0
0
0
0
0
0
0
0
0
0
0
0
0
0
0
0
0
0
0
0
0
0
0
0
0
0
0
0
0
0
0
0
0
0
0
0
0
0
0
0
0
0
0
0
0
0
0
0
0
0
0
0
0
0
0
0
0
0
0
0
0
0
0
0
0
0
0
0
0
0
0
0
0
0
0
0
0
0
0
0
0
0
0
0
0
0
0
0
0
0
0
0
0
0
0
0
0
0
0
0
0
0
0
0
0
0
0
0
0
0
0
0
0
0
0
0
0
0
0
0
0
0
0
0
0
0
0
0
0
0
0
0
0
0
0
0
0
0
0
0
0
0
0
0
0
0
0
0
0
0
0
0
0
0
0
0
0
0
0
0
0
0
0
0
0
0
0
0
0
0
0
0
0
0
0
0
0
0
0
0
0
0
0
0
0
0
0
0
0
0
0
0
0
0
0
0
0
0
0
0
0
0
0
0
0
0
0
0
0
0
0
0
0
0
0
0
0
0
0
0
0
0
0
0
0
0
0
0
0
0
0
0
0
0
0
0
0
0
0
0
0
0
0
0
0
0
0
0
0
0
0
0
0
0
0
0
0
0
0
0
0
0
0
0
0
0
0
0
0
0
0
0
0
0
0
0
0
0
0
0
0
0
0
0
0
0
0
0
0
0
0
0
0
0
0
0
0
0
0
0
0
0
0
0
0
0
0
0
0
0
0
0
0
0
0
0
0
0
0
0
0
0
0
0
0
0
0
0
0
0
0
0
0
0
0
0
0
0
0
27
7
6
26
14
0
0
0
0
0
0
0
0
0
0
0
0
0
0
0
0
0
0
0
0
0
0
0
0
0
0
0
0
0
0
0
0
0
0
0
0
0
0
0
0
0
0
0
0
0
0
0
0
0
0
9
0
7
0
0
0
0
0
56
0
0
0
0
0
0
0
0
0
0
0
0
0
0
0
7
0
0
138
0
0
0
0
0
0
0
0
0
0
0
0
0
0
0
0
0
0
0
0
0
0
0
0
0
0
0
0
0
0
0
0
0
0
3
40
3
3
5
0
0
0
0
0
0
0
0
0
0
0
0
0
0
0
0
0
0
0
0
0
0
0
0
0
0
0
0
0
0
0
0
0
0
0
0
0
0
0
0
0
0
0
0
0
0
0
0
0
0
0
0
0
0
0
0
0
0
0
0
0
0
0
53
164
180
280
311
309
461
512
502
657
852
974
1098
1089
1201
1402
1613
1584
1660
1826
1857
1893
1986
2118
2135
2263
2555
2539
2468
2703
2703
2774
2780
2768
2845
2801
0
0
0
0
0
89
138
260
270
322
459
473
577
667
772
851
1024
1030
1181
1432
1662
1660
1704
1796
1894
2095
2227
2376
2414
2592
2646
2539
2409
2405
2414
0
0
0
0
0
0
0
0
0
0
0
0
0
2
22
40
107
109
114
113
122
159
408
406
536
719
830
844
938
1063
1209
1337
1599
1713
1923
2109
2204
2456
2437
2571
2771
3010
2953
2952
2996
2939
2943
2907
8
0
11
194
302
301
301
301
694
894
1096
1159
1561
1771
1948
2093
2206
2368
2504
2564
2527
2550
2669
2675
12
0
0
0
4
133
228
258
373
492
510
726
914
1037
1221
1507
1628
1753
1956
2147
2292
2483
2576
2644
2696
2673
2490
2600
0
0
0
0
0
0
0
0
0
0
0
0
0
0
0
0
0
0
0
37
155
155
165
361
445
659
902
1017
1324
1599
1758
1990
2358
2556
2698
2879
3137
3243
3063
3524
3707
3966
4039
4079
4217
4341
4502
4353
3834
4187
4178
4319
0
0
0
0
17
192
212
331
391
438
561
748
849
1016
1191
1394
1419
1603
1670
1819
1979
2029
2107
2249
2305
2328
2147
2308
2385
2334
2612
2692
2710
2825
3119
3103
2965
3047
3051
3029
3021
1
0
0
0
0
0
0
0
0
0
0
0
0
0
0
0
0
0
0
0
0
7
92
137
141
270
421
573
857
1027
1146
1383
1529
1715
2019
2062
2249
2443
2677
2896
3056
3214
3559
3745
3773
3788
3808
3608
3588
3574
3545
0
0
0
0
52
142
203
223
341
394
500
640
673
783
972
1146
1176
1306
1522
1544
1677
1754
1908
1814
1782
1854
1931
1963
1968
1948
0
0
0
0
0
0
0
0
0
0
0
0
0
0
0
0
0
0
0
0
0
0
0
0
0
0
0
0
0
0
0
0
0
0
0
0
0
0
0
5
30
0
0
0
0
0
0
0
0
0
0
0
0
2
10
0
0
0
1
1
1
15
0
0
0
0
0
0
0
0
0
3
0
1
0
0
0
0
2
2
7
15
4
8
1
2
3
4
5
7
7
5
8
9
8
12
10
10
7
9
20
11
11
11
8
8
17
19
20
21
14
25
14
8
33
0
0
0
0
0
0
0
0
0
0
0
0
0
0
0
0
0
0
0
0
0
0
0
0
0
6
8
7
6
0
0
0
0
0
0
28
35
11
10
10
10
10
10
10
10
11
10
0
10
0
5
0
0
0
0
11
17
15
0
0
0
0
0
0
0
0
8
8
10
7
1
7
0
0
0
8
8
10
11
0
0
0
0
0
0
0
0
0
0
7
0
0
0
0
0
0
0
0
0
0
0
0
0
0
0
0
0
0
0
0
0
0
0
0
0
0
0
0
0
0
0
0
0
0
1
0
0
0
0
0
0
0
0
0
0
0
0
0
0
0
0
17
17
16
17
15
0
0
5
16
0
31
27
0
0
1
0
0
0
0
0
0
2
2
0
0
0
1
0
18
19
20
2
0
0
26
0
0
0
0
0
0
0
0
0
0
0
0
0
0
0
0
0
0
0
0
0
0
0
0
0
0
0
0
0
0
1
0
0
0
0
0
0
0
0
0
0
0
0
12
0
0
0
0
0
0
0
0
0
0
0
13
0
0
0
0
0
0
0
0
0
0
0
0
1
0
0
0
0
0
0
0
0
0
0
0
0
0
0
1
0
0
0
0
0
0
0
0
0
0
0
0
0
0
0
0
0
0
0
0
0
0
0
0
0
0
0
0
0
0
0
0
0
0
0
0
3
0
0
0
4
0
0
0
0
2
0
6
7
22
18
13
26
12
15
21
11
23
21
26
24
26
31
31
28
32
42
47
33
43
33
42
40
0
0
0
0
0
0
0
0
0
0
0
0
0
0
0
0
0
0
0
0
0
0
0
0
0
0
0
0
0
0
0
0
0
0
0
0
0
0
0
0
0
0
0
0
0
0
0
0
0
1
109
18
136
4
538
34
4
113
18
11
12
10
31
7
5
0
6
14
55
139
127
124
80
35
5
14
1
119
0
0
17
0
0
1
0
0
1
0
0
0
0
0
0
0
0
0
0
0
0
0
0
0
0
0
14
15
111
237
257
260
350
491
527
554
493
638
744
929
1092
1127
1301
1298
1306
1342
1350
1404
1224
1213
0
0
0
0
0
0
0
0
0
0
0
0
0
45
71
292
378
412
560
709
905
997
1135
1351
1478
1589
1933
1714
1991
2057
2136
2220
2364
2442
2460
2572
2741
2677
2684
2803
2828
3000
3027
3225
3227
3327
3543
3322
3340
3482
3574
3646
3669
3679
3656
3675
3635
3624
0
0
0
0
0
0
0
0
1
7
1
0
0
6
0
0
0
6
0
2
0
1
3
12
0
5
1
11
0
0
6
0
0
0
0
0
0
0
1
0
0
0
0
0
0
0
0
0
0
0
0
0
0
0
0
0
0
0
2
0
0
1
1
0
0
0
0
0
0
1
0
0
2
2
0
0
0
0
0
2
0
0
0
0
0
0
0
0
0
0
0
0
0
0
0
0
0
0
0
1
9
66
107
132
200
277
265
301
307
388
378
401
489
476
609
623
635
712
772
824
752
843
895
922
879
845
907
924
1004
1027
1005
1043
1071
1081
1064
1086
1078
1085
1210
1195
1205
1388
1444
1531
1571
1711
1758
1813
2028
2013
2231
2321
2420
2429
2582
2619
2751
2891
2947
3095
3027
3239
3308
3624
3674
3624
3692
3775
3846
3942
3863
3856
3904
3920
3959
3978
4033
4016
4174
3910
4052
4090
4130
4212
4272
4137
4119
4195
4164
4181
3587
3682
3722
3777
3817
3816
3873
3912
3922
3918
3904
3848
3694
3756
3158
3151
3140
2941
2810
2618
1556
1101
942
402
65
49
3
0
0
0
0
0
0
0
0
0
0
0
0
0
0
0
0
0
0
0
0
0
0
0
0
0
0
0
0
0
0
0
0
0
0
0
0
0
0
0
0
0
0
0
0
0
0
0
0
0
0
0
0
0
0
0
0
0
0
0
0
0
0
0
0
0
0
0
0
0
0
0
0
0
0
0
0
0
0
0
0
0
0
0
0
0
0
0
0
0
0
0
0
0
0
0
0
0
0
0
0
0
0
0
0
0
0
0
0
0
0
0
0
0
0
0
0
0
0
0
0
0
0
0
0
0
0
0
0
0
0
0
0
0
0
0
0
0
0
0
0
0
0
0
0
94
76
121
97
112
63
51
13
67
42
30
66
90
40
6
3
0
0
0
0
0
5
47
67
145
146
290
324
407
387
502
473
676
695
895
911
939
1129
1171
1312
1549
1575
1738
1800
1924
1977
1979
2120
2144
2275
2647
2758
2833
2938
3070
3154
3311
3216
3274
2981
3125
3219
3374
3383
3387
143
368
439
514
406
515
601
724
1159
1023
727
765
857
975
1127
1175
1051
1134
1207
1248
1317
1372
1507
1564
1751
1894
2137
2230
2312
2461
2478
2601
2689
2780
2561
85
11
5
5
0
0
0
0
0
0
0
0
0
0
0
0
0
0
0
0
0
0
21
134
137
141
250
354
377
401
401
461
649
632
678
774
903
1062
991
1361
1334
1447
1430
1732
1813
1907
2080
2254
2283
2266
2393
2612
2881
2956
2908
3037
3081
3269
3204
3329
3561
3603
3784
4002
4029
4009
4109
4230
4255
3894
3944
3970
3988
23
19
112
123
198
283
400
446
566
673
845
1017
1184
1378
1519
1608
1755
1930
2066
2251
2371
3388
4165
4086
3519
2525
2088
2102
0
2
0
0
0
0
0
0
7
15
4
6
33
51
8
0
100
129
101
220
254
352
542
797
1119
1149
1172
1372
1569
1815
1971
2188
2457
2622
2772
3010
3345
3309
3394
3677
4008
4090
4199
4303
4423
4433
4439
4449
4162
4144
4146
7
56
54
177
211
348
385
506
673
928
1026
1172
1255
1219
1310
1459
1574
1471
1685
1785
2156
2177
2217
2280
2365
2615
2555
2696
2765
2910
2922
3020
3100
3194
3335
3593
3714
3590
3466
3610
3677
3735
3870
3858
4130
3836
3761
3470
3468
180
12
33
396
27
8
23
0
0
0
62
48
184
251
455
456
619
613
911
1158
1315
1334
2060
1932
1922
2191
2459
2500
2702
2971
3174
3288
3455
3516
3764
3824
4010
3981
3999
4106
4166
4223
4221
4252
4242
3
10
4
0
0
0
137
155
261
291
456
638
728
855
975
1011
1190
1389
1505
1617
1707
1891
1872
1918
1975
2141
2191
2185
2214
2228
2237
2278
2454
2196
173
0
0
0
0
0
0
0
0
0
0
0
0
0
0
0
0
0
0
0
0
0
0
0
1
10
19
0
24
0
0
0
0
0
0
0
0
0
0
1
1
1
1
1
1
0
0
0
0
2
0
0
0
0
0
1
1
1
0
0
0
0
0
0
0
0
0
0
0
0
9
11
9
8
9
10
9
12
11
16
15
16
14
4
15
16
15
17
15
17
28
18
17
15
16
16
15
13
11
11
9
24
11
11
11
9
8
5
0
0
0
0
0
0
0
0
0
0
0
0
0
0
0
0
0
0
0
0
0
0
0
0
0
2
0
8
0
0
0
0
0
0
0
0
0
1
24
2
0
0
0
0
0
35
10
7
10
34
35
7
7
6
9
10
10
9
9
9
0
25
0
0
25
1
11
1
7
10
0
6
6
6
9
9
8
8
0
7
10
28
9
12
12
10
9
0
8
0
6
8
9
8
0
0
0
0
0
0
0
0
0
0
0
0
0
0
0
0
0
0
0
0
0
0
0
0
0
0
0
0
0
0
0
0
0
0
0
0
0
0
0
0
0
0
0
0
0
0
1
7
0
0
0
0
0
0
0
0
0
0
0
0
25
0
0
0
1
3
3
28
26
0
32
29
31
31
30
1
2
1
2
4
1
1
1
0
0
2
2
9
31
31
15
11
12
14
13
0
0
0
0
0
0
0
0
0
0
0
0
0
1
0
0
0
0
0
0
0
0
1
0
0
0
1
0
0
0
0
0
0
0
0
0
0
0
0
0
0
0
0
0
0
0
0
0
0
0
0
0
0
0
0
0
0
0
0
0
0
0
0
0
0
0
0
0
0
0
0
0
0
0
0
0
0
0
0
0
0
0
0
0
0
0
0
0
0
0
0
0
0
0
0
0
0
0
0
0
0
0
0
0
5
10
2
11
0
0
9
9
1
0
0
0
0
0
3
0
0
24
14
21
15
0
22
10
11
11
9
9
24
27
24
24
35
40
34
20
20
22
17
16
8
13
21
0
0
0
0
0
0
0
0
0
0
0
0
0
0
0
0
0
0
0
0
0
3
3
3
3
0
0
0
1
0
0
0
0
0
0
0
0
0
0
0
0
0
0
0
0
0
0
0
0
0
0
1
0
0
0
0
0
0
0
0
0
0
0
0
0
4
2
2
2
3
3
0
0
0
1
0
0
0
0
0
0
0
0
0
0
0
0
0
0
0
0
0
0
0
0
0
0
138
231
231
227
259
315
450
455
460
498
516
653
689
894
823
1089
1102
1087
1140
1238
1260
1238
1205
1114
1
0
0
0
0
0
0
0
0
0
0
0
0
0
0
40
100
112
256
400
513
554
730
875
969
1166
1372
1551
1709
1876
1855
1974
2086
2194
2058
2226
2321
2418
2484
2694
2733
2838
2928
2977
2959
3002
3195
3187
3289
3396
3396
3414
3536
3475
3161
3286
3302
3348
3382
3410
3416
3463
3372
0
0
0
0
0
0
0
0
0
0
0
0
0
0
0
0
0
0
0
0
0
0
0
0
0
0
0
0
0
0
0
0
0
0
0
0
0
0
0
0
0
0
0
0
0
0
0
0
0
0
0
0
0
0
0
0
0
0
0
0
0
0
0
0
0
0
0
0
0
0
0
0
0
0
0
0
0
0
0
0
0
0
0
0
0
0
0
0
0
0
0
0
0
0
0
0
0
0
0
0
0
4
1
2
11
87
99
131
258
282
277
316
317
320
327
416
438
529
593
612
660
717
731
736
763
787
828
843
836
875
832
947
990
991
987
1099
1220
1228
1368
1655
1868
1659
1894
1842
2132
2191
2429
2581
2527
2742
2605
2471
2388
2428
2487
2710
2746
2875
2940
3026
2946
2877
2899
2951
2985
3104
3154
3193
3310
3420
3511
3351
3390
3346
3561
3575
3587
3569
3537
3655
3583
3641
3532
3120
2957
3805
3792
3787
3991
4196
3933
3865
4022
3989
4028
4095
4114
4141
4213
4251
4202
4041
4065
4089
4058
4072
4109
4012
3986
4109
4083
3957
3976
4005
4033
4063
4045
4040
3997
3927
3546
1922
1579
1005
359
100
19
0
0
0
0
0
0
0
0
0
0
0
0
0
0
0
0
0
0
0
0
0
0
0
0
0
0
0
0
0
0
0
0
0
0
0
0
0
0
0
0
0
0
0
0
0
0
0
0
0
0
0
0
0
0
0
0
0
0
0
0
0
0
0
0
0
0
0
0
0
0
0
0
0
0
0
0
0
0
0
0
0
0
0
0
0
0
0
0
0
0
0
0
0
0
0
0
0
0
0
0
0
0
0
0
0
0
0
0
0
0
0
0
0
0
0
0
0
0
0
0
0
0
0
0
0
0
0
0
0
0
0
0
0
0
0
0
0
0
0
0
0
0
0
0
0
0
0
0
0
0
0
0
0
0
0
0
0
0
0
0
0
0
0
0
0
0
0
0
0
0
0
0
0
0
0
0
0
0
0
0
0
0
0
0
0
0
0
0
0
0
0
0
0
0
0
0
0
0
0
0
0
0
0
0
0
0
0
0
0
0
0
0
0
0
0
0
0
0
0
0
0
0
0
0
0
0
0
0
0
0
0
0
0
0
0
0
0
0
0
0
0
0
0
0
0
0
0
0
0
0
0
0
0
0
0
0
0
0
0
0
0
0
0
0
0
0
0
0
0
0
0
0
0
0
0
0
0
0
0
0
0
0
0
0
0
0
0
0
0
0
0
0
0
0
0
0
0
0
0
0
0
0
0
0
0
0
0
0
0
0
0
0
0
0
0
0
0
0
0
0
0
0
0
0
0
0
0
1
0
0
0
0
0
0
973
0
0
0
0
0
0
0
0
0
0
0
0
0
0
0
0
0
0
0
0
0
0
0
0
0
0
0
0
0
0
39
86
460
710
1339
828
1
0
0
0
0
13
0
0
0
0
0
0
0
0
0
0
0
0
0
0
0
0
0
0
0
0
0
0
0
0
0
0
0
0
0
0
0
0
0
0
0
0
0
0
0
0
0
0
0
0
0
0
0
0
0
0
0
0
0
0
0
0
0
0
0
0
0
0
0
0
0
0
0
0
0
0
0
0
0
0
0
0
0
0
0
0
0
0
0
0
0
0
0
0
0
0
0
0
0
0
0
0
0
0
0
0
0
0
0
0
0
0
0
0
0
0
0
0
0
0
0
0
0
0
0
0
0
0
0
0
0
0
0
0
0
0
0
0
0
0
0
0
0
0
0
0
0
0
0
0
0
0
0
0
0
0
0
0
0
0
0
0
0
0
0
0
0
0
0
0
0
0
0
0
0
0
0
0
0
0
0
0
0
0
0
0
0
0
0
0
0
0
0
0
0
0
0
0
0
0
0
0
0
0
0
0
0
0
0
0
0
0
0
0
0
0
0
0
0
0
0
0
0
0
0
0
0
0
0
0
0
0
0
0
0
0
0
0
0
0
0
0
0
0
0
0
0
0
18
0
0
0
0
0
0
18
0
2
188
618
366
87
4
0
0
0
0
0
112
89
146
1
55
0
2
3
39
3
283
231
386
782
239
479
282
270
111
0
0
14
16
0
207
231
326
38
40
170
216
285
125
25
17
10
139
225
101
152
217
96
88
14
2
20
27
168
119
315
609
469
94
125
155
127
158
264
124
56
88
8
15
78
247
520
312
0
0
0
38
248
430
435
186
10
0
0
21
0
0
0
0
0
0
0
0
0
0
0
0
0
0
0
0
0
0
0
0
0
0
0
0
0
0
0
0
0
0
0
0
0
0
0
0
0
1
0
0
0
0
0
97
1
28
9
4
0
0
28
152
0
7
5
13
0
0
0
0
0
0
0
0
36
1
4
2
1
2
2
0
0
10
40
74
47
27
80
10
0
0
1
117
141
97
76
109
0
0
33
161
39
21
20
21
11
91
21
7
0
0
0
0
0
0
0
1
72
185
175
258
266
463
504
555
552
655
713
818
878
1033
1046
1137
1248
1196
1000
1189
1186
1087
1253
1319
1132
0
0
0
0
0
0
0
0
36
104
221
277
447
332
428
585
821
910
1040
1237
1432
1613
1586
1757
1738
1958
2082
2130
2261
2374
2388
2504
2471
1980
2165
2321
2472
2732
2840
3029
3069
3229
3267
3166
3262
3363
3460
3502
3521
3559
3563
3573
3576
3335
3342
3354
3416
0
0
0
0
0
0
0
0
0
0
0
0
0
0
0
0
0
0
0
0
0
0
0
0
0
0
0
0
0
0
0
0
0
0
0
0
0
1
0
1
0
0
0
0
0
0
0
0
0
0
0
0
0
0
0
0
0
0
0
0
0
0
0
0
0
0
1
0
0
0
1
1
0
0
0
0
0
0
0
0
0
0
0
0
0
0
0
0
0
0
0
0
0
0
0
0
0
0
0
0
0
0
0
0
13
10
106
88
120
219
251
268
328
332
359
463
502
661
698
696
782
808
847
908
989
986
986
1011
1021
1006
1020
1029
1047
1069
1136
1159
1140
1176
1207
1214
1314
1445
1581
1675
1775
1888
2061
2230
2305
2455
2437
2392
2507
2475
2458
2550
2633
2791
2888
2884
2952
2811
2922
2976
3239
2955
3146
3312
3316
3322
3334
3498
3466
3507
3509
3625
3539
3529
3558
3623
3814
3892
3889
3896
4048
4042
3886
3979
4005
4025
4087
4130
4162
4169
4292
4190
0
0
0
0
0
0
0
0
0
0
0
0
0
0
0
0
0
0
0
0
0
0
0
0
0
0
0
0
2
29
0
0
47
5
0
3
0
0
0
33
0
30
0
0
1
0
1
44
2
0
15
3
0
0
0
9
4
3
0
0
0
3
62
114
56
1
33
3
20
48
68
75
112
53
21
15
24
273
0
0
0
0
0
0
0
0
0
0
0
0
0
2
0
225
236
226
291
325
355
460
388
408
452
489
482
613
642
708
706
767
820
851
936
1014
1115
1171
1163
1191
1288
1253
1224
1218
1095
7
0
0
0
0
0
0
0
0
0
0
21
93
116
123
205
276
310
560
652
740
833
960
1080
1227
1434
1599
1818
1823
1916
1910
2084
2165
2281
2305
2359
2410
2521
2552
2776
2792
2829
2831
2698
2788
2830
2953
3203
3336
3378
3384
3440
3530
3553
3549
3552
3539
3002
0
0
0
0
0
0
0
0
0
1
3
0
0
0
0
0
8
3
0
0
7
0
80
64
59
0
0
0
24
0
27
0
2
25
90
35
43
56
64
9
11
5
0
78
51
0
95
57
23
11
2
0
0
0
0
0
20
107
37
0
0
0
0
0
3
0
0
7
0
0
21
0
0
0
6
0
55
73
90
121
11
0
0
0
0
0
0
0
0
0
0
0
0
0
0
0
0
0
11
1
94
105
147
223
255
249
300
313
320
340
429
468
480
629
635
662
709
776
765
735
733
832
806
807
887
894
922
1022
950
951
984
1033
1039
1065
1089
1086
1142
1136
1133
1232
1265
1346
1436
1480
1639
1787
1849
1955
2062
2111
2113
2118
2206
2252
2310
2524
2525
2660
2597
2753
2802
2815
2796
2971
3069
3034
3188
3198
3217
3184
3236
3270
3315
3379
3506
3584
3579
3612
3571
3792
3776
3776
3762
3835
3811
3795
3814
3848
3887
3860
3871
3875
3892
3826
3755
3669
3661
3906
3656
3838
3805
3813
3771
3426
3084
2132
990
883
590
32
31
0
0
0
0
0
0
0
0
0
0
0
0
0
0
0
0
0
0
0
0
0
0
0
0
0
0
0
0
0
0
0
0
0
0
0
0
0
0
0
0
0
0
0
0
1
2
8
7
31
45
68
156
228
149
476
740
802
1221
1340
1098
1195
1083
1110
957
888
846
42
28
0
0
2
2
1
430
395
346
219
75
0
2
0
16
0
0
0
0
0
0
0
0
0
0
0
0
0
0
0
0
0
0
0
0
0
0
0
0
0
0
0
0
0
0
0
0
0
0
0
0
0
0
0
0
0
0
0
0
0
0
0
0
0
0
0
0
0
0
0
0
0
0
0
0
0
0
0
0
0
0
0
0
0
0
0
0
0
0
0
0
0
0
0
0
0
0
0
0
0
0
0
0
0
0
0
0
0
0
0
0
0
0
0
0
0
0
0
0
0
0
0
0
0
0
0
0
0
0
0
0
0
0
0
0
0
0
0
0
0
0
0
0
0
0
0
0
0
0
0
0
0
0
0
0
0
0
0
0
0
0
0
0
0
0
0
0
0
0
0
0
0
0
0
0
0
0
0
0
0
0
0
0
0
0
0
0
0
0
0
0
0
0
0
0
0
0
0
0
0
0
0
0
0
0
0
0
0
0
0
0
0
0
0
0
0
0
0
0
0
0
0
0
0
0
0
0
0
0
0
0
0
0
0
0
0
0
0
0
0
0
0
0
0
0
0
0
0
0
0
0
0
0
0
0
0
0
0
0
0
0
0
0
0
0
0
0
0
0
0
0
0
0
0
0
0
0
0
0
0
0
0
0
0
0
0
0
0
0
