0
0
0
0
0
0
0
0
0
0
0
0
0
0
0
0
0
0
0
0
0
0
18
306
701
1104
1390
1532
1424
1648
1749
1777
1831
1913
2091
1872
1877
2239
2316
2283
2237
2272
2259
2237
2292
2268
2139
2138
2128
2270
2194
2250
2223
2319
2168
2174
2261
2239
2213
2299
2256
2212
2342
2256
2278
2281
2354
2341
2386
2386
2379
2386
2377
2390
2408
2392
2397
2391
2373
2374
2354
2372
2369
2369
2362
2355
2377
2378
2379
2378
2383
2359
2380
2373
2392
2383
2385
2389
2378
2381
2388
2372
2379
2371
2366
2385
2355
2351
2346
2370
2366
2367
2368
2367
2375
2383
2373
2354
2359
2371
2323
2213
1665
1092
78
0
0
0
0
0
0
0
0
0
0
0
0
0
0
0
0
0
0
0
0
0
0
0
0
0
0
0
0
0
0
0
0
0
0
0
0
0
0
0
0
0
0
0
0
0
0
0
0
0
0
0
0
0
0
0
0
0
0
0
0
0
0
0
0
0
0
0
0
0
0
0
0
0
0
0
0
0
0
0
0
0
0
0
0
0
0
0
0
0
0
0
0
0
0
0
0
0
0
0
0
0
0
0
0
0
0
0
0
0
0
0
0
0
0
0
0
0
0
0
0
0
0
0
0
0
0
0
0
0
0
0
0
0
0
0
0
0
0
0
0
0
0
0
0
0
0
0
0
0
0
0
0
0
0
0
0
0
0
0
0
0
0
0
0
0
0
0
0
0
0
0
0
0
0
0
0
0
0
0
0
0
0
0
0
0
0
0
0
0
0
0
0
0
0
0
0
0
0
0
0
0
0
0
0
0
0
0
0
0
0
0
0
0
0
0
0
0
0
0
0
0
0
0
0
0
0
0
0
0
0
0
0
0
0
0
0
0
0
0
0
0
0
0
0
0
0
0
0
0
0
0
0
0
0
0
0
0
0
0
0
0
0
0
0
0
0
0
0
0
0
0
0
0
0
0
0
0
0
0
0
0
0
0
0
0
0
0
0
0
0
0
0
0
0
0
0
0
0
0
0
0
0
0
0
0
0
0
0
0
0
0
0
0
0
0
0
0
0
0
0
0
0
0
0
0
0
0
0
0
0
0
0
0
0
0
0
0
0
0
0
0
0
0
0
0
0
0
0
0
0
0
0
0
0
0
0
0
0
0
0
0
0
0
0
0
0
0
0
0
0
0
0
0
0
0
0
0
0
0
0
0
0
0
0
0
0
0
0
0
0
0
0
0
0
0
0
0
0
0
0
0
0
0
0
0
0
0
0
0
0
0
0
0
0
0
0
0
0
0
0
0
0
0
0
0
0
0
0
0
0
0
1
0
0
0
0
0
0
0
0
0
6
2
19
17
23
22
31
0
114
0
0
155
144
147
177
118
108
0
0
0
44
29
0
67
86
0
0
0
0
0
0
0
0
0
0
0
0
0
0
0
0
0
0
0
0
0
0
0
0
0
0
0
0
0
0
0
0
0
0
0
0
0
0
0
0
0
0
0
0
0
0
0
0
0
0
0
0
0
0
0
0
0
0
0
0
0
0
0
0
0
0
0
0
0
0
0
0
0
0
0
0
0
0
0
0
0
0
0
0
0
0
0
0
0
0
0
0
0
0
0
0
0
0
0
0
0
0
0
0
0
0
0
0
0
0
0
0
0
0
0
0
0
0
0
0
0
0
0
0
0
0
0
0
0
0
0
0
0
0
0
0
0
0
0
0
0
0
0
0
0
0
0
0
0
0
0
0
0
0
0
0
0
0
0
0
0
0
0
0
0
0
0
0
0
0
0
0
0
0
0
0
0
0
0
0
0
0
0
0
0
0
0
0
0
0
0
0
0
0
0
0
0
0
0
0
0
0
0
0
0
0
0
0
0
0
0
0
0
0
0
0
0
0
0
0
0
0
0
0
0
0
0
0
0
0
0
0
0
0
0
0
0
0
0
0
0
0
0
0
0
0
0
0
0
0
0
0
0
3
0
0
0
0
0
0
0
0
0
0
0
0
0
0
0
0
0
0
0
0
0
0
0
0
0
0
0
0
0
0
0
0
0
0
0
0
0
0
0
0
0
0
0
0
0
0
0
0
0
0
0
0
0
0
0
0
0
0
0
0
0
0
0
0
0
0
0
0
2
8
43
69
145
198
234
354
473
492
512
561
585
664
777
1042
1219
1634
1773
2022
1912
3904
3740
3616
3596
3508
3567
3582
3601
787
804
0
0
0
0
0
0
0
0
0
0
17
140
807
1872
1838
2833
2983
3838
3300
2084
1779
1458
1134
970
989
1123
1196
1219
1475
1710
1695
2009
2053
2213
2121
2167
2008
2256
2256
2364
2415
2832
2906
3229
3227
1109
1060
1181
1151
1202
1236
1238
1316
1341
1392
1333
1388
1423
1291
1238
1309
1330
1438
1569
1650
1758
1757
1799
1794
1911
1791
1945
2108
2107
2315
1225
1406
1509
1557
1640
1691
1719
1733
1761
1741
1770
1738
1743
1424
1480
1154
0
0
0
0
0
0
0
0
17
57
89
148
149
150
182
299
344
491
538
565
1058
1056
963
1175
1427
1663
1725
1790
1601
1464
1544
1535
1651
1524
1414
1557
1679
1720
1962
1823
1957
2011
1875
1931
1969
1896
1863
30
12
3
0
0
0
0
959
1103
1081
1108
1193
1138
1250
1185
1189
1138
1150
1102
1022
1015
1048
947
1029
1115
1112
1065
1157
1103
963
1074
1029
939
966
890
784
814
769
895
910
1016
1041
1076
1033
1003
1001
977
990
968
593
2171
4265
4193
4279
4370
4849
4664
5953
2830
1767
1417
1021
1017
983
928
1133
1099
1230
1351
1487
1584
1777
2022
2135
2049
2116
2317
2403
2404
2304
2665
2431
2158
1901
2195
2321
2416
2932
2036
2229
0
0
0
2
93
110
140
105
204
541
1645
2411
1894
1712
1486
1140
1196
1089
1026
1015
1183
1336
1269
1372
1385
1541
1569
1591
1659
1734
1767
1815
1825
1911
1939
1843
1848
1674
1769
1771
1938
2054
2025
2119
0
0
0
0
0
0
0
4
7
28
91
102
182
477
770
885
929
1001
1036
961
1148
1416
1478
1232
1513
1375
1322
1650
1507
1507
1572
1424
1020
1328
1666
2175
2417
2368
2691
2907
2291
1739
1780
1840
1760
1963
1809
1447
1542
0
0
0
0
0
0
0
0
0
0
0
0
53
74
53
119
157
162
291
359
404
476
632
716
912
981
1075
1249
1289
1378
1425
1497
1600
1555
1506
1399
1612
1664
1818
1874
1987
1994
2160
2151
2074
0
1
3
0
0
0
47
2272
5667
6185
191
444
341
567
650
6136
3664
661
963
950
993
1039
1141
1153
1284
1396
1547
1538
1633
1637
1582
1738
1797
1695
1836
1857
1828
1807
1865
1616
1647
0
0
0
0
0
0
0
0
0
0
0
0
0
0
0
0
0
0
0
57
61
61
102
141
209
271
304
481
566
570
756
820
950
1002
981
1080
1215
1249
1244
1190
1170
1113
1145
1198
1317
1329
1402
1389
1504
1265
1380
0
0
5
0
0
6
87
103
284
3644
3485
3477
2385
1571
1262
484
625
664
775
904
1017
1092
1091
1242
1373
1307
1426
1368
1289
1314
1407
1442
1533
1607
1693
1864
1835
1849
1876
1892
1933
1883
1748
1358
1523
1544
1651
0
0
44
0
5
0
0
0
91
222
1097
162
210
267
288
330
449
455
605
699
822
956
979
1050
1023
1150
1068
1218
1356
1412
1450
1577
1674
1793
1822
1873
1931
1972
2003
1992
1558
1749
0
0
0
0
0
0
55
85
120
165
171
297
353
391
473
617
778
835
888
921
996
1183
1208
1312
1335
1437
1563
1576
1517
1874
3265
4667
4887
5383
5969
6598
7358
7784
8445
8350
8142
7893
7601
7071
7208
7037
2237
2266
2280
6368
4960
4507
0
0
0
0
0
0
0
102
88
170
190
193
198
215
243
248
298
345
385
414
514
516
738
763
719
744
800
919
1011
1130
1048
1106
1178
1306
1351
1406
1443
1483
1643
1667
1763
1840
1847
1910
1995
1583
1913
1989
1994
2052
2449
2349
2618
2620
2100
2534
2581
2282
2558
2820
2387
2900
2801
2630
2983
0
0
0
0
0
0
0
0
0
0
0
0
0
0
0
0
0
0
0
0
0
0
0
0
0
0
0
0
0
0
0
0
0
0
0
0
4
35
95
98
140
259
334
407
451
576
614
728
722
915
951
967
1039
1052
1053
1099
1132
1128
1283
1335
1426
1577
1706
1825
1914
2032
2117
2265
2328
2372
1995
2101
2256
2450
2425
0
0
0
0
0
5
21
95
95
96
197
278
1144
1321
1775
2069
2878
3167
1922
2020
1407
1419
1516
1552
1573
1446
1420
1033
1408
1496
1673
1715
1784
1827
1972
2203
2243
2191
2239
2237
276
174
41
161
265
0
0
0
0
0
0
0
0
0
3
17
83
119
113
225
341
351
390
429
485
621
629
729
753
875
956
901
792
771
902
1044
1202
1185
1318
1437
1585
1664
1824
1925
2056
2269
1503
1867
2020
2256
2346
2508
2535
387
597
911
13
140
245
384
76
158
313
305
414
2121
1439
2064
2119
3099
816
977
1141
1311
1368
1433
1558
1637
1838
1896
1972
1961
1991
2048
2070
2062
2092
2094
2163
0
0
0
0
0
0
0
0
0
0
0
17
20
120
104
132
244
255
297
341
438
598
631
835
836
720
807
910
936
1033
929
1215
1231
1272
1353
1359
1349
1535
1643
1854
4165
4042
3488
3375
3132
3116
2874
3225
1378
1547
1158
266
0
0
0
0
719
1072
776
881
405
428
298
316
341
451
605
776
926
1058
1192
1457
1490
1488
1679
1688
1813
1920
1918
2128
1988
1967
1935
2144
2200
2061
2396
2437
2839
2947
2958
3009
3102
3070
3188
3170
3171
3107
16
9
4
0
0
0
0
0
0
0
0
6
99
174
166
242
1279
443
500
631
745
818
906
972
1091
1174
1418
1637
3178
5175
1677
1611
1848
1961
2302
1669
1796
1910
2013
2132
2115
2178
2180
2137
2138
2147
355
330
354
345
362
395
473
452
545
210
295
350
480
650
752
841
942
1129
1151
1351
1365
1466
1497
1602
1434
1674
1742
1878
2044
2156
2184
2280
2421
2447
2652
2939
2956
3104
3464
3316
3474
3343
3771
3770
4083
3895
3673
3310
3403
3444
3707
3953
3752
4158
2438
2630
2770
3140
3128
3342
3525
3529
3580
3654
3699
3691
3678
3741
2575
2594
2404
2302
1749
1713
1331
794
745
351
224
49
0
0
0
0
0
0
0
0
0
0
0
0
0
0
0
0
0
0
0
0
0
0
0
0
0
0
0
0
0
0
0
0
0
0
0
0
0
0
0
0
0
0
0
0
0
0
0
0
0
0
0
0
0
0
0
0
0
0
0
0
0
0
0
0
0
0
0
0
0
0
0
0
0
0
0
0
0
0
0
0
0
0
0
0
0
0
0
0
0
0
0
0
0
0
0
0
0
0
0
0
0
0
0
0
0
0
0
0
0
0
0
0
0
0
0
0
0
0
0
0
0
0
0
0
0
0
0
0
0
0
0
0
0
0
0
0
0
0
0
0
0
0
0
0
0
0
0
0
0
0
0
0
0
0
0
0
0
0
0
0
0
0
0
0
0
0
0
0
0
0
0
0
0
0
0
0
0
0
8
350
214
250
234
112
0
0
0
0
0
0
0
0
0
0
0
0
0
0
0
0
0
0
0
0
0
0
0
0
0
0
0
0
0
0
0
0
0
0
0
0
0
0
0
0
0
0
0
0
0
0
0
0
0
0
0
0
0
0
0
0
0
0
0
0
0
0
0
0
0
0
0
0
0
0
0
0
0
0
0
0
0
0
0
0
0
0
0
0
0
0
0
0
0
0
0
0
0
618
0
0
0
0
0
0
0
0
0
0
37
55
25
60
80
117
153
0
0
0
0
0
0
0
0
0
0
0
0
0
0
0
0
0
0
0
0
0
2
0
1
0
2
0
0
39
0
9
24
1
0
0
0
0
0
10
29
0
0
0
1
0
0
0
0
0
0
0
0
0
0
0
0
0
0
0
0
0
0
0
0
0
0
0
0
0
8
0
0
0
0
0
0
0
0
0
0
0
0
0
0
0
0
0
0
0
0
0
0
0
0
0
0
0
0
0
0
0
0
0
0
0
0
0
0
0
0
0
0
0
0
0
0
0
0
0
0
0
0
0
0
8
10
25
62
84
129
176
182
230
276
1312
1570
502
1782
1680
1599
613
843
750
827
878
939
975
959
1021
983
944
952
870
961
6
0
0
0
33
82
577
476
565
649
617
282
598
479
7
121
137
138
211
262
264
297
463
585
610
883
874
936
1043
1128
1142
1390
1485
1419
1677
1610
1562
1674
1762
1859
1929
1902
1984
2042
2012
2011
2132
2084
1735
0
0
0
0
0
6
15
94
107
127
190
237
381
404
397
553
592
662
814
878
909
1086
1174
1229
1343
1329
1397
1474
1448
1286
1534
1537
1720
1944
1863
1918
2243
2340
2245
2388
2370
2075
2111
1714
1415
0
0
0
0
0
0
0
0
1198
1082
1134
949
1445
1279
1322
1051
1048
1023
1163
1431
1261
1519
1079
1086
1594
1597
1445
1418
1313
1209
870
897
977
1108
1073
1119
1432
1712
1671
1870
2009
1931
2029
1755
2002
2291
1902
2026
2531
2498
1789
1747
0
0
0
0
0
0
0
0
0
0
0
30
33
58
111
153
159
263
280
321
312
381
334
397
465
541
554
525
608
615
481
520
650
700
753
723
767
773
830
837
865
861
492
568
655
656
661
775
810
852
809
805
941
958
967
1127
1087
1326
1510
1650
1614
1556
1551
1592
1644
1837
1852
1756
1952
1369
1772
2002
2405
2366
2371
2952
2851
2897
2839
2949
3291
3197
3474
3137
2779
2432
2460
2293
62
0
0
0
0
6
95
93
135
176
263
331
409
547
575
761
903
1131
1239
1226
1210
1433
1484
1564
1320
1216
1232
1245
1509
1684
1859
1485
1674
1823
1850
2157
2014
2046
2182
2104
2134
2221
2065
0
0
0
0
0
0
0
922
53
33
168
1969
2011
1160
884
849
618
662
619
527
846
912
1077
1028
1454
1651
1720
1632
1859
1687
2172
2426
2072
1852
2118
3277
2351
2184
2510
3102
2672
1506
2011
2077
1706
1921
2122
2218
0
0
0
0
0
0
0
0
1190
731
439
45
1506
767
1911
3735
1794
2777
2674
760
457
440
460
580
744
5050
5256
1196
1286
1360
1532
1621
1683
1791
1851
1942
1800
1577
1507
1589
1717
4811
2105
1652
0
0
0
0
0
26
94
110
121
166
296
1989
2407
1194
3142
1265
841
868
985
1214
1297
1489
1550
1545
1618
1673
1714
1708
1746
1597
1747
1819
1870
1992
2119
2157
2173
2100
2181
2200
3187
3508
3179
28
0
39
4
0
0
0
0
4694
4744
90
91
125
3408
3455
3427
3743
3724
3750
3756
3723
3971
4171
3992
4146
4464
4327
3365
2628
1648
1586
1631
1469
1473
1574
1586
1542
1454
1407
1338
1442
1448
1513
1552
1552
1529
1563
1578
1281
573
0
0
2
50
58
69
191
2701
2316
2016
1823
1303
707
642
487
570
645
729
917
1051
1072
1146
1067
1115
1136
1202
1276
1359
1304
1256
1116
1303
1363
1558
1741
1736
1743
1747
1793
1850
1901
1936
1894
1668
1634
1322
1360
0
0
99
512
2099
2257
2695
2315
332
136
1329
137
316
500
508
278
342
401
442
490
878
691
1172
3343
4347
4872
5106
5183
5450
5249
5418
5364
5432
5617
5305
5485
5885
5887
6055
6158
1539
1679
1609
4104
1749
8985
9533
9945
10070
10311
10789
10808
10384
9841
9532
8414
7613
6984
6216
5747
5439
4847
4655
4353
3883
3913
4072
4259
4500
4651
4689
5065
5268
5795
6771
7006
6817
6712
6613
3680
3499
2568
2461
2543
948
2233
2695
3106
3264
2086
1999
1907
350
34
748
3300
4922
6206
8356
11300
7905
8251
8486
8416
8372
192
277
1822
659
11238
9120
6886
5571
4638
3697
3824
3568
3219
3579
4676
6979
6100
6089
6145
6191
8356
8822
7742
6883
6220
4790
3690
2628
2197
1767
1735
1947
2058
2377
2528
2326
2323
2308
2254
1972
1980
2375
1984
2128
2210
2620
2654
2681
2746
2699
2683
2675
2794
1985
2340
0
0
0
0
2
0
7
0
0
0
0
0
0
0
0
0
0
0
0
0
0
0
0
0
0
0
0
0
0
0
0
0
0
0
0
116
69
84
52
69
124
200
228
343
398
441
528
591
805
872
943
875
1062
1161
1425
1484
1621
1746
1829
1968
2016
2131
2202
2303
2097
2018
1754
2199
1903
1978
2170
2336
2382
0
0
0
0
0
8
41
71
88
130
237
260
298
397
495
620
805
1023
1193
1208
1314
1378
1398
1401
1389
1279
1398
1527
1696
1859
1988
2069
2100
2136
2204
2168
2179
2221
2057
1989
1678
0
0
0
0
0
0
0
0
0
0
0
0
0
0
0
0
14
63
105
118
208
234
274
291
369
551
625
708
793
971
1110
1202
1331
1584
1721
1702
1516
1452
1284
1518
1718
1933
2292
2366
2319
2472
2531
2336
2326
1076
511
368
1420
2063
1222
518
152
165
429
581
1000
2119
3910
1704
1448
1418
1223
1295
1416
1605
1499
1498
1470
1537
1726
1756
4156
4064
4182
4057
4325
4472
4668
4890
5006
5132
5205
5304
5289
16
3862
95
0
0
0
0
0
0
0
0
10
45
120
123
173
193
242
264
335
409
504
595
663
733
826
828
930
1037
1042
1079
1090
1099
1087
1180
1208
1350
1481
1564
1647
1914
1949
1946
1555
1629
1705
1948
2080
2200
2137
2181
2067
2081
2311
180
178
286
183
232
223
321
3958
4231
4068
3460
2787
2160
1539
1356
1745
1959
2378
2818
2675
2491
2761
2977
3113
3580
2085
2322
2453
2537
2692
2888
3137
3312
3550
3653
3671
3869
3533
2896
2675
2739
2647
2756
2880
3047
1526
1968
0
0
0
0
0
0
0
0
0
61
98
108
151
219
241
344
422
466
1443
1751
2200
2226
2289
2398
2908
3180
3339
3243
2660
2977
2870
3216
5942
4566
4616
3228
3324
3612
4005
4247
1734
1788
1878
2011
2077
366
413
714
990
1182
1328
280
291
415
442
480
624
699
768
871
1029
1106
1324
1445
1471
1602
1670
1736
1695
1773
1518
1651
1757
1907
2100
2265
2151
1714
1995
2072
2268
2438
2394
2450
2569
2769
2900
2982
3013
2986
2847
2633
2245
2752
2887
3213
3418
3375
3457
3551
3643
3633
3583
3597
3545
2998
2622
2123
2687
2792
2228
2800
2640
3129
3205
3311
3378
3543
3480
3522
3360
2986
2570
1263
806
303
149
182
69
10
0
0
0
0
0
0
0
0
0
0
0
0
0
0
0
0
0
2
0
0
0
0
0
0
0
0
0
0
0
0
0
0
0
0
0
0
0
0
0
3448
3826
0
347
2504
1263
0
0
0
0
0
0
0
0
0
0
121
0
0
0
0
0
0
0
0
0
0
0
0
0
0
0
0
0
0
0
0
0
0
0
0
0
0
0
0
7
97
0
0
0
3
226
539
31
50
0
0
54
5
0
0
0
0
0
0
0
0
0
0
0
0
0
0
0
0
0
0
0
0
0
0
0
0
0
0
0
0
0
0
0
0
0
0
0
0
0
0
0
0
0
0
0
0
0
0
0
0
0
0
0
0
0
0
0
0
0
0
0
0
0
0
0
0
0
0
0
0
0
0
0
0
0
0
0
0
0
0
0
0
0
0
0
0
0
0
0
0
0
0
0
0
0
0
0
0
0
0
0
0
0
0
0
0
0
0
0
0
0
0
0
3
343
262
274
271
138
422
259
158
116
0
0
0
0
10
0
0
0
0
0
50
83
80
7
62
86
46
0
0
0
0
0
0
0
0
0
0
0
0
0
0
0
93
0
0
0
29
0
0
0
0
0
0
0
0
0
0
0
0
0
0
1
0
0
0
0
0
0
0
0
0
0
0
0
0
0
0
0
0
0
0
0
0
0
0
0
0
0
0
0
0
0
0
0
0
0
0
0
0
0
0
0
0
0
0
0
0
0
0
0
0
0
0
0
0
0
0
0
0
0
0
0
0
0
0
0
0
0
0
0
0
0
0
0
0
16
0
0
0
0
0
75
172
0
0
3
0
0
0
0
0
0
0
0
0
0
0
0
0
0
0
0
0
0
0
0
0
1494
380
108
0
0
3
0
0
0
0
0
0
0
0
0
0
0
0
0
0
0
0
0
0
0
0
0
0
0
0
0
0
0
0
0
0
0
0
0
0
0
0
0
0
0
0
0
0
0
0
0
0
0
0
0
0
0
0
0
0
0
0
0
0
0
0
0
0
0
0
0
0
0
0
0
0
0
0
0
0
0
0
383
0
0
0
0
0
0
0
6
0
0
0
0
0
0
0
0
0
0
0
0
0
0
0
0
0
0
0
0
0
0
0
0
0
0
0
0
0
0
0
0
0
0
0
0
0
0
0
0
0
0
0
0
0
0
0
0
0
0
0
0
0
0
0
0
0
0
0
0
0
0
0
0
0
0
0
0
0
0
0
0
0
0
35
0
0
0
0
0
0
0
0
0
0
1
0
0
0
0
0
0
0
0
0
0
0
0
0
0
0
0
0
0
0
0
0
0
0
0
0
0
0
0
0
0
0
0
0
0
0
0
0
10
0
0
0
0
0
0
0
0
0
0
0
0
0
0
0
0
0
0
0
0
0
0
0
0
0
0
0
0
0
0
0
0
0
0
0
0
0
0
0
0
1
0
0
0
0
0
0
0
0
0
0
0
0
0
0
0
0
0
0
0
0
0
0
0
0
0
0
0
0
0
0
0
0
0
0
0
0
0
0
0
0
0
0
0
0
0
0
0
0
0
0
0
0
0
0
12
67
78
197
696
1276
246
335
793
1255
616
755
717
893
920
1070
1251
1296
1354
1554
1604
1683
1714
1698
1775
1848
1953
2010
2054
2080
2074
1712
1602
1599
298
270
42
1
0
0
0
0
0
37
104
87
137
221
274
352
402
405
474
564
705
898
935
967
1096
1218
1252
1377
1446
1490
1655
1679
1661
1895
2210
2254
2371
2396
2080
2163
2165
2177
1932
1941
1950
1992
1884
0
0
0
0
0
0
0
0
0
48
79
86
93
133
254
285
313
354
431
544
616
760
813
928
981
1057
1108
1004
879
936
1122
1241
1254
1400
1382
1382
1432
1507
1533
1526
1538
1373
1204
1087
1179
1252
1419
1125
1173
0
0
0
158
458
539
943
750
499
738
1125
1554
1832
2652
2498
618
728
792
879
999
1119
1156
1183
1244
1299
1720
1873
1319
1951
1758
1998
1361
2422
2706
2709
2769
2524
1326
1370
1438
1636
1733
1692
1792
1863
1904
0
0
0
0
0
0
0
0
0
0
16
38
30
35
111
185
278
320
478
407
522
594
717
836
979
1048
1164
1194
1297
1475
1579
1593
1651
1686
1629
1520
1389
1515
1602
1713
1765
1832
2018
2026
2132
2
782
798
731
982
1837
247
313
374
1953
2062
2133
2421
2901
395
2837
3094
3521
3459
3566
5578
5295
4921
4504
4441
4822
5182
3906
3726
3826
3586
3885
4198
4320
4499
4514
4749
4896
5079
5164
6421
6100
3117
1903
1822
1719
1720
1706
1846
2037
1978
2475
2134
1302
1255
978
965
1227
1479
1624
1431
1178
1103
1140
1258
1699
1987
1714
1630
1817
1918
1920
566
696
749
826
841
951
1053
1103
1165
1165
1245
1334
1204
1384
1678
2960
3236
4068
3880
4155
4160
4358
1866
2149
2207
2366
2532
2579
2999
3479
3749
3382
2886
2901
2133
2885
2937
2827
2828
2833
2925
3026
0
0
0
0
0
0
0
0
0
0
0
0
0
0
0
0
0
0
0
0
0
0
0
0
0
0
0
0
0
0
0
0
0
0
4
19
49
109
133
299
324
425
535
528
586
663
733
841
865
896
894
1013
1159
1285
1406
1224
1381
1562
1737
1970
2156
2213
2304
2344
2434
2444
2507
2542
2040
1974
1550
1614
1702
180
1133
618
284
235
46
144
143
123
162
212
191
447
433
720
578
738
1986
2244
1883
3082
2695
3046
2294
1245
1689
1918
2037
2339
2483
2303
2131
1464
1956
2371
2669
2878
3486
3906
2986
2986
3357
1475
0
0
0
0
0
0
0
0
0
0
0
0
19
32
44
77
156
206
247
301
350
386
479
527
634
593
760
859
953
1095
1281
1323
1474
1487
1486
1538
1584
1588
1491
1284
1254
1554
1685
1928
2103
1653
1522
1745
1973
1993
334
230
34
290
19
37
55
45
170
2237
1477
960
696
430
498
794
879
981
1067
1113
1202
1441
1453
1520
1689
1620
1667
1869
1918
1890
1930
1959
1953
2007
2058
2030
2077
0
0
0
0
0
0
10
48
228
0
0
3
6
14
65
67
110
185
195
262
324
429
466
572
684
766
852
884
864
926
982
998
978
1049
1131
1208
1337
1436
1436
1523
1660
1776
1889
1872
1990
2038
1913
1720
1452
1400
1518
1919
2041
2128
2053
184
159
150
221
555
433
455
492
488
189
285
294
300
378
503
613
755
785
904
946
1090
1210
1302
1421
1429
1569
1507
1650
1789
2026
2090
2192
2289
2539
2518
2590
2687
2819
2880
2561
2430
2169
2372
2490
2809
2446
2571
2429
0
0
0
0
0
0
3
33
66
78
123
136
197
237
366
352
508
557
524
641
795
966
1045
1074
1187
1382
1394
1519
1614
1736
1735
1795
1709
1653
1830
1910
2040
2187
1555
1707
1865
2100
0
0
0
0
0
0
60
62
125
206
263
341
475
680
663
740
796
886
1078
1298
1344
1481
1438
1333
1593
1777
2200
2235
1934
2019
2053
2147
2276
2377
2429
2558
2290
1860
1532
1849
2027
2340
2680
2621
2005
2482
2639
2944
3125
3072
3274
3249
3286
3223
15
1
0
9
15
53
129
150
160
255
351
365
439
473
454
646
680
693
939
896
969
1265
1317
1359
1487
1616
1555
1709
1662
1707
1868
2089
2262
2366
2369
2496
2456
2529
0
0
0
0
108
63
93
95
120
248
273
340
427
549
773
838
1010
1135
1203
1275
1318
1170
1283
1304
1357
1440
1510
1624
1749
1881
1822
2017
2074
2035
2039
1831
1757
1915
1970
0
0
0
5
0
0
0
0
0
0
7
3
61
88
132
165
216
236
315
343
396
406
618
753
842
950
1006
1098
1223
1231
1415
1507
1663
1706
1737
2217
2227
2213
1949
2057
2287
2718
2576
2647
2569
2582
2484
2427
2221
2046
0
0
0
0
0
26
53
287
148
284
228
369
373
408
580
683
741
787
948
1009
1121
1245
1543
1287
1507
1472
1535
1658
1729
1767
1935
2073
1974
2100
1551
1648
1735
2037
2018
0
0
0
0
0
0
0
5
6
7
57
93
107
115
211
225
253
375
412
479
561
845
626
730
839
1187
1494
1367
1404
2004
1293
1361
1462
1548
1148
1369
1435
1756
1917
1933
2161
2193
2281
2249
2262
2288
2281
2268
3347
2466
1308
53
247
809
5180
3939
3131
2172
1602
1436
801
751
478
501
1170
1558
1998
2185
2394
2588
3339
3399
3554
3889
3660
3521
3395
3842
3685
3278
3399
3283
3027
3011
3215
3490
3661
3991
3955
3976
2763
2278
2020
2343
2664
2934
3547
2017
2477
2562
2854
0
0
0
0
0
0
9
8
26
68
111
138
235
294
259
411
487
416
517
680
778
928
997
1033
1248
1167
1170
1157
1350
1324
1532
1535
1538
1651
1753
1883
1982
2085
2009
2111
2073
2106
2133
2141
2172
0
0
0
62
42
73
93
77
178
158
296
423
455
479
587
696
808
864
1043
1164
1233
1325
1413
1478
1552
1536
2397
2685
2992
2963
2865
2989
2777
2509
2399
2352
2490
2416
2489
2406
2409
2377
2564
2637
2764
2967
2982
3114
3233
3138
2761
3036
3166
3342
3406
3457
3462
3437
3497
3581
3522
3504
3579
3422
3302
2837
3244
3143
3414
3499
3507
3605
3257
2343
1118
281
98
8
0
0
0
0
0
0
0
0
0
0
0
0
0
0
0
0
0
0
0
0
0
0
0
0
0
0
0
0
0
0
0
0
0
0
0
0
0
0
0
0
0
0
0
0
0
0
0
0
0
0
0
0
0
0
0
0
0
0
0
0
0
0
0
0
0
0
0
0
0
0
0
0
0
0
0
0
0
0
0
0
0
0
0
0
0
0
0
0
0
0
0
