0
0
0
0
0
0
0
0
0
0
0
0
0
0
0
0
0
0
0
0
0
0
18
296
593
599
676
482
380
536
285
226
138
182
374
359
75
434
753
687
664
653
615
664
655
680
709
615
522
598
632
604
653
626
629
482
577
626
614
646
649
738
606
684
574
667
657
631
129
114
59
71
71
71
86
82
157
90
90
89
68
72
79
66
65
79
72
69
57
63
47
148
89
67
79
69
56
46
61
69
61
54
69
52
85
61
158
58
67
72
66
73
55
75
58
58
66
49
53
54
264
360
676
919
1044
78
0
0
0
0
0
0
0
0
0
0
0
0
0
0
0
0
0
0
0
0
0
0
0
0
0
0
0
0
0
0
0
0
0
0
0
0
0
0
0
0
0
0
0
0
0
0
0
0
0
0
0
0
0
0
0
0
0
0
0
0
0
0
0
0
0
0
0
0
0
0
0
0
0
0
0
0
0
0
0
0
0
0
0
0
0
0
0
0
0
0
0
0
0
0
0
0
0
0
0
0
0
0
0
0
0
0
0
0
0
0
0
0
0
0
0
0
0
0
0
0
0
0
0
0
0
0
0
0
0
0
0
0
0
0
0
0
0
0
0
0
0
0
0
0
0
0
0
0
0
0
0
0
0
0
0
0
0
0
0
0
0
0
0
0
0
0
0
0
0
0
0
0
0
0
0
0
0
0
0
0
0
0
0
0
0
0
0
0
0
0
0
0
0
0
0
0
0
0
0
0
0
0
0
0
0
0
0
0
0
0
0
0
0
0
0
0
0
0
0
0
0
0
0
0
0
0
0
0
0
0
0
0
0
0
0
0
0
0
0
0
0
0
0
0
0
0
0
0
0
0
0
0
0
0
0
0
0
0
0
0
0
0
0
0
0
0
0
0
0
0
0
0
0
0
0
0
0
0
0
0
0
0
0
0
0
0
0
0
0
0
0
0
0
0
0
0
0
0
0
0
0
0
0
0
0
0
0
0
0
0
0
0
0
0
0
0
0
0
0
0
0
0
0
0
0
0
0
0
0
0
0
0
0
0
0
0
0
0
0
0
0
0
0
0
0
0
0
0
0
0
0
0
0
0
0
0
0
0
0
0
0
0
0
0
0
0
0
0
0
0
0
0
0
0
0
0
0
0
0
0
0
0
0
0
0
0
0
0
0
0
0
0
0
0
0
0
0
0
0
0
0
0
0
0
0
0
0
0
0
0
0
0
0
0
0
0
0
0
0
0
0
0
0
0
0
0
0
0
0
0
1
1
0
0
0
0
0
0
0
0
6
8
21
10
6
3
35
31
114
114
0
155
41
43
30
71
28
108
0
0
44
15
29
67
51
86
0
0
0
0
0
0
0
0
0
0
0
0
0
0
0
0
0
0
0
0
0
0
0
0
0
0
0
0
0
0
0
0
0
0
0
0
0
0
0
0
0
0
0
0
0
0
0
0
0
0
0
0
0
0
0
0
0
0
0
0
0
0
0
0
0
0
0
0
0
0
0
0
0
0
0
0
0
0
0
0
0
0
0
0
0
0
0
0
0
0
0
0
0
0
0
0
0
0
0
0
0
0
0
0
0
0
0
0
0
0
0
0
0
0
0
0
0
0
0
0
0
0
0
0
0
0
0
0
0
0
0
0
0
0
0
0
0
0
0
0
0
0
0
0
0
0
0
0
0
0
0
0
0
0
0
0
0
0
0
0
0
0
0
0
0
0
0
0
0
0
0
0
0
0
0
0
0
0
0
0
0
0
0
0
0
0
0
0
0
0
0
0
0
0
0
0
0
0
0
0
0
0
0
0
0
0
0
0
0
0
0
0
0
0
0
0
0
0
0
0
0
0
0
0
0
0
0
0
0
0
0
0
0
0
0
0
0
0
0
0
0
0
0
0
0
0
0
0
0
0
0
0
3
3
0
0
0
0
0
0
0
0
0
0
0
0
0
0
0
0
0
0
0
0
0
0
0
0
0
0
0
0
0
0
0
0
0
0
0
0
0
0
0
0
0
0
0
0
0
0
0
0
0
0
0
0
0
0
0
0
0
0
0
0
0
0
0
0
0
0
0
2
6
47
44
108
79
130
182
193
177
122
155
150
257
265
535
453
567
467
631
626
2296
558
428
298
460
555
423
477
3116
277
804
0
0
0
0
0
0
0
0
0
17
133
859
1287
1744
1913
2476
2945
2938
2550
1723
1309
774
660
273
460
363
295
456
681
649
760
530
618
718
652
717
486
480
480
2061
941
426
887
428
3276
145
163
166
135
114
128
280
337
357
259
203
285
472
535
343
287
270
283
285
406
415
384
465
551
518
482
447
549
636
1746
489
369
400
317
261
306
224
274
306
253
276
269
577
368
738
1154
0
0
0
0
0
0
0
17
54
46
79
109
51
150
241
279
341
265
127
603
782
457
666
1076
946
1142
1263
661
659
504
351
666
479
424
261
420
345
606
703
770
620
634
566
480
589
485
1893
42
15
3
0
0
0
959
330
200
209
199
167
276
153
28
159
26
212
180
273
229
407
300
276
251
365
296
204
260
367
331
478
179
250
278
148
417
260
255
320
307
343
403
298
268
408
261
272
703
1834
3000
2662
4144
3423
2831
3819
5323
3951
1763
1008
994
478
406
323
377
548
657
853
628
519
585
735
1023
850
623
621
510
799
440
701
870
891
991
934
760
635
1432
1928
905
2229
0
0
2
91
45
36
67
129
469
1366
1974
1613
1302
1036
1466
890
839
763
467
496
541
787
451
119
310
270
220
322
319
183
326
230
312
316
652
377
624
341
242
547
420
695
752
2119
0
0
0
0
0
0
4
7
23
75
63
124
403
649
673
716
530
375
591
625
1060
1070
1016
1035
962
803
930
1055
1146
1239
1282
820
654
970
1261
1762
1353
813
1496
1566
1346
1155
412
270
801
926
776
543
1542
0
0
0
0
0
0
0
0
0
0
0
53
47
23
92
142
113
171
234
217
180
242
274
330
247
234
394
248
269
155
146
349
581
431
553
437
314
498
352
777
917
716
639
765
2074
1
4
3
0
0
47
2243
3721
670
6152
289
319
310
373
5786
3176
3283
478
593
419
332
458
474
347
316
575
493
511
304
263
462
427
730
581
549
613
491
434
1071
463
1647
0
0
0
0
0
0
0
0
0
0
0
0
0
0
0
0
0
0
57
30
0
57
87
108
148
167
261
291
210
282
272
372
348
191
297
381
226
165
314
332
351
252
257
305
186
357
409
385
873
269
1380
0
5
5
0
6
81
102
205
3598
1743
2168
1934
1202
613
936
253
245
315
375
365
295
241
287
273
294
439
504
389
195
213
157
199
230
254
315
193
202
115
176
335
560
465
908
637
551
651
1651
0
44
44
5
5
0
0
91
155
905
1067
114
89
83
122
151
164
264
178
293
256
207
343
347
311
380
424
340
358
290
335
283
285
205
323
308
145
329
81
1118
577
1749
0
0
0
0
0
55
66
41
69
74
184
180
202
218
354
309
275
355
355
241
467
443
458
489
368
602
483
423
813
1753
2030
6086
1222
1070
1597
1126
1600
1509
715
1052
1627
1292
2098
1931
1309
5744
487
482
8566
2356
2923
4507
0
0
0
0
0
0
102
90
126
68
89
53
107
34
149
102
109
104
75
118
154
278
123
288
137
128
211
434
407
344
284
268
304
269
271
315
198
268
304
304
237
311
181
347
1190
1176
608
917
212
1405
390
1131
486
1860
1582
949
1119
1088
1612
1173
1195
739
1447
1217
2983
0
0
0
0
0
0
0
0
0
0
0
0
0
0
0
0
0
0
0
0
0
0
0
0
0
0
0
0
0
0
0
0
0
0
0
4
33
90
65
72
137
171
129
144
265
192
258
90
283
194
228
220
123
163
348
343
424
405
192
273
339
269
379
355
328
341
392
385
352
1239
634
493
408
157
2425
0
0
0
0
5
24
96
36
33
137
177
1148
333
796
812
1225
2235
2689
1106
1109
374
409
444
485
603
964
909
679
592
703
482
609
475
579
757
816
522
568
540
2493
336
201
176
418
265
0
0
0
0
0
0
0
0
3
14
70
42
76
122
174
144
131
115
132
214
146
218
146
224
227
221
353
283
287
322
376
263
247
387
332
207
362
425
353
423
1890
930
739
612
616
652
953
2778
772
902
924
149
385
513
390
164
183
162
223
1949
2146
2305
1097
2152
2391
307
264
328
787
363
233
309
391
262
452
373
336
381
384
300
388
212
247
2163
0
0
0
0
0
0
0
0
0
0
17
29
100
70
64
180
175
124
212
203
310
359
358
293
492
295
313
322
559
698
938
940
647
467
500
578
482
572
523
2843
1529
1156
847
1451
1064
1186
1597
2961
619
2705
924
266
0
0
0
719
921
1102
983
830
417
398
148
177
214
334
521
346
288
340
441
391
234
439
267
489
365
274
436
852
585
1112
1023
1104
1501
917
903
1120
920
911
965
713
698
728
634
737
706
3123
25
13
4
0
0
0
0
0
0
0
6
93
87
84
102
1205
1132
175
259
304
413
308
342
421
595
602
705
1973
3189
4318
820
709
813
823
1319
581
518
393
411
517
479
384
405
429
323
2442
81
82
57
97
55
106
109
173
481
159
143
160
262
150
159
233
315
292
334
146
225
447
305
584
492
274
504
384
458
598
554
2119
1192
761
847
605
942
1444
1494
1718
1311
1198
1291
1259
1564
1396
1163
1239
1015
1243
1270
1327
1188
2958
620
396
806
406
670
563
182
301
858
381
446
509
603
2004
1191
1156
396
799
300
634
753
425
530
209
209
49
0
0
0
0
0
0
0
0
0
0
0
0
0
0
0
0
0
0
0
0
0
0
0
0
0
0
0
0
0
0
0
0
0
0
0
0
0
0
0
0
0
0
0
0
0
0
0
0
0
0
0
0
0
0
0
0
0
0
0
0
0
0
0
0
0
0
0
0
0
0
0
0
0
0
0
0
0
0
0
0
0
0
0
0
0
0
0
0
0
0
0
0
0
0
0
0
0
0
0
0
0
0
0
0
0
0
0
0
0
0
0
0
0
0
0
0
0
0
0
0
0
0
0
0
0
0
0
0
0
0
0
0
0
0
0
0
0
0
0
0
0
0
0
0
0
0
0
0
0
0
0
0
0
0
0
0
0
0
0
0
0
0
0
0
0
0
0
0
0
0
0
0
0
0
0
0
0
8
358
564
462
388
318
112
0
0
0
0
0
0
0
0
0
0
0
0
0
0
0
0
0
0
0
0
0
0
0
0
0
0
0
0
0
0
0
0
0
0
0
0
0
0
0
0
0
0
0
0
0
0
0
0
0
0
0
0
0
0
0
0
0
0
0
0
0
0
0
0
0
0
0
0
0
0
0
0
0
0
0
0
0
0
0
0
0
0
0
0
0
0
0
0
0
0
0
0
618
618
0
0
0
0
0
0
0
0
0
37
92
80
85
140
197
264
153
0
0
0
0
0
0
0
0
0
0
0
0
0
0
0
0
0
0
0
0
2
2
1
1
2
2
0
39
39
9
33
25
1
0
0
0
0
10
39
29
0
0
1
1
0
0
0
0
0
0
0
0
0
0
0
0
0
0
0
0
0
0
0
0
0
0
0
0
8
8
0
0
0
0
0
0
0
0
0
0
0
0
0
0
0
0
0
0
0
0
0
0
0
0
0
0
0
0
0
0
0
0
0
0
0
0
0
0
0
0
0
0
0
0
0
0
0
0
0
0
0
0
0
8
12
17
63
22
49
101
30
86
100
1124
2372
1388
1604
990
887
1236
324
331
297
243
219
190
194
158
264
329
386
272
165
967
6
0
0
33
115
531
453
381
350
468
435
546
295
486
118
84
1
91
145
110
149
280
396
369
543
287
156
203
289
380
474
463
286
692
515
662
370
380
279
334
493
410
332
278
397
725
720
1307
1735
0
0
0
0
6
11
95
21
38
123
149
304
255
121
214
203
174
250
280
497
611
536
365
606
510
432
595
798
708
802
727
777
794
647
571
767
555
545
749
810
1095
1094
1309
995
1415
0
0
0
0
0
0
0
1198
1004
1220
1249
1654
1910
1261
1193
1017
737
708
876
916
1280
924
525
730
1297
1316
1193
1139
1092
769
313
308
289
263
326
559
794
793
643
803
708
886
1054
1717
2089
1791
1370
1587
1935
1227
374
1747
0
0
0
0
0
0
0
0
0
0
30
57
61
71
84
96
152
69
67
79
147
165
123
124
160
181
89
157
325
370
111
226
170
161
158
154
14
335
147
234
252
565
232
417
93
155
276
323
116
525
162
352
331
397
354
288
427
406
382
520
460
433
283
270
507
679
808
1096
1329
1075
1112
1369
1415
1265
1385
1235
1362
1114
1162
1304
1282
1927
2047
2102
1753
1402
893
2355
62
0
0
0
6
93
8
46
121
159
158
164
198
138
266
214
368
486
349
334
507
635
580
844
730
344
359
498
837
975
1424
539
681
569
695
607
468
504
572
538
433
706
2065
0
0
0
0
0
0
922
975
86
199
1883
1954
1849
1186
933
783
568
541
356
463
562
549
609
884
737
699
692
879
1012
1343
1652
1280
954
832
2415
2802
1677
1488
2360
2382
2104
1179
662
805
585
767
718
2218
0
0
0
0
0
0
0
1190
1917
542
482
1535
1899
1334
3080
3631
3161
2725
2902
613
611
364
296
346
4498
2090
4834
392
428
484
569
386
404
412
433
636
519
798
554
458
3520
3674
1375
1652
0
0
0
0
26
68
76
103
95
212
1781
1982
2305
3430
3353
970
351
257
363
227
344
153
241
223
293
257
448
452
617
510
506
527
350
247
392
314
427
325
321
1395
955
961
3207
28
39
43
4
0
0
0
4694
1346
4790
1
34
3317
673
584
760
527
560
752
693
1394
1604
1481
922
1298
1497
1714
1401
1600
928
309
442
404
439
462
612
632
535
539
496
326
235
257
258
103
198
3141
571
888
573
0
2
52
42
71
198
2594
2881
1796
1801
1888
1008
553
239
215
175
300
344
322
289
346
299
328
395
244
320
371
469
424
594
507
428
661
593
663
481
364
510
479
507
659
566
638
764
822
582
1360
0
99
555
2611
572
862
1090
2463
336
1363
1306
271
294
572
420
88
197
267
276
566
649
683
2441
1692
1515
2386
2287
1831
1667
1533
1124
1366
1423
1482
1340
1098
1398
1228
1457
5255
680
502
2965
3797
8580
2108
2132
1523
2047
1942
1431
982
1319
1083
2172
1907
1189
1516
1089
1290
1750
1466
1344
1514
1606
1813
1201
1279
1389
1400
978
1049
1427
1918
1949
1843
1625
1703
3861
1025
1589
653
486
3491
1613
1578
1991
1576
1726
405
468
1663
384
756
3286
3080
2428
3194
4470
5959
852
1071
828
1054
8314
149
1619
1477
11107
3162
3604
2117
2441
2051
2071
1448
1617
946
1649
4485
3559
2877
2558
2150
3783
3366
2902
3101
2421
3268
2886
2950
1811
1460
938
766
789
1029
929
1250
1079
705
1412
1096
658
1399
1527
488
440
1324
438
403
891
531
546
406
1133
2029
1245
2340
0
0
0
2
2
7
7
0
0
0
0
0
0
0
0
0
0
0
0
0
0
0
0
0
0
0
0
0
0
0
0
0
0
0
116
185
59
122
33
75
76
116
141
95
79
167
241
392
453
283
588
427
353
514
337
301
351
417
377
402
461
353
445
802
717
862
1171
1340
557
626
550
206
2382
0
0
0
0
8
45
56
41
66
115
57
72
137
154
199
339
336
392
333
198
236
298
341
288
556
409
389
407
419
311
341
337
404
250
350
213
434
660
450
685
1678
0
0
0
0
0
0
0
0
0
0
0
0
0
0
0
14
55
72
69
102
130
170
151
142
280
178
143
255
424
363
360
255
475
355
331
742
524
758
582
466
505
975
938
1075
893
843
879
754
3376
1515
879
1768
1997
2437
1684
610
269
378
462
1305
2309
3499
4136
1614
854
1185
566
401
663
534
697
362
397
489
476
2808
1706
1474
1331
1252
1005
688
848
474
1190
499
597
633
5305
3860
3957
95
0
0
0
0
0
0
0
10
35
87
45
96
84
123
64
91
152
201
173
260
216
215
118
258
275
233
243
461
367
522
317
250
410
327
281
387
583
595
545
1557
688
726
827
872
1110
879
562
716
606
1056
2491
176
280
375
307
353
190
4075
851
873
1542
1155
1977
985
909
805
712
1139
1654
1233
2220
1626
1666
1308
1413
2261
779
1051
868
1233
1122
829
929
950
843
1330
1198
1680
1727
1325
792
544
601
838
817
4301
1086
1968
0
0
0
0
0
0
0
0
61
51
88
89
108
94
223
126
238
1291
946
1119
1044
691
589
1032
1160
995
1350
1287
801
1027
1586
4074
2192
1126
1990
1202
1154
955
1114
3245
446
326
463
328
2407
299
393
464
374
420
1166
105
244
103
216
222
159
197
269
288
251
348
301
310
293
188
334
503
270
751
349
242
422
453
611
652
1199
701
553
524
564
478
480
499
644
563
576
509
487
763
1036
1050
1003
929
910
883
793
770
720
746
636
444
468
574
1301
1272
1065
1174
1255
1604
1000
794
1313
572
452
559
933
353
148
382
650
760
1507
637
591
192
97
131
63
10
0
0
0
0
0
0
0
0
0
0
0
0
0
0
0
0
2
2
0
0
0
0
0
0
0
0
0
0
0
0
0
0
0
0
0
0
0
0
3448
6892
3826
347
2851
3767
1263
0
0
0
0
0
0
0
0
0
121
121
0
0
0
0
0
0
0
0
0
0
0
0
0
0
0
0
0
0
0
0
0
0
0
0
0
0
0
7
104
97
0
0
3
229
649
520
81
50
0
54
59
5
0
0
0
0
0
0
0
0
0
0
0
0
0
0
0
0
0
0
0
0
0
0
0
0
0
0
0
0
0
0
0
0
0
0
0
0
0
0
0
0
0
0
0
0
0
0
0
0
0
0
0
0
0
0
0
0
0
0
0
0
0
0
0
0
0
0
0
0
0
0
0
0
0
0
0
0
0
0
0
0
0
0
0
0
0
0
0
0
0
0
0
0
0
0
0
0
0
0
0
0
0
0
0
0
0
0
0
0
0
0
3
346
605
510
419
321
560
557
257
274
116
0
0
0
10
10
0
0
0
0
50
133
161
87
69
148
132
46
0
0
0
0
0
0
0
0
0
0
0
0
0
0
93
93
0
0
29
29
0
0
0
0
0
0
0
0
0
0
0
0
0
1
1
0
0
0
0
0
0
0
0
0
0
0
0
0
0
0
0
0
0
0
0
0
0
0
0
0
0
0
0
0
0
0
0
0
0
0
0
0
0
0
0
0
0
0
0
0
0
0
0
0
0
0
0
0
0
0
0
0
0
0
0
0
0
0
0
0
0
0
0
0
0
0
0
16
16
0
0
0
0
75
247
172
0
3
3
0
0
0
0
0
0
0
0
0
0
0
0
0
0
0
0
0
0
0
0
1494
1714
488
108
0
3
3
0
0
0
0
0
0
0
0
0
0
0
0
0
0
0
0
0
0
0
0
0
0
0
0
0
0
0
0
0
0
0
0
0
0
0
0
0
0
0
0
0
0
0
0
0
0
0
0
0
0
0
0
0
0
0
0
0
0
0
0
0
0
0
0
0
0
0
0
0
0
0
0
0
0
0
383
383
0
0
0
0
0
0
6
6
0
0
0
0
0
0
0
0
0
0
0
0
0
0
0
0
0
0
0
0
0
0
0
0
0
0
0
0
0
0
0
0
0
0
0
0
0
0
0
0
0
0
0
0
0
0
0
0
0
0
0
0
0
0
0
0
0
0
0
0
0
0
0
0
0
0
0
0
0
0
0
0
0
35
35
0
0
0
0
0
0
0
0
0
1
1
0
0
0
0
0
0
0
0
0
0
0
0
0
0
0
0
0
0
0
0
0
0
0
0
0
0
0
0
0
0
0
0
0
0
0
0
10
10
0
0
0
0
0
0
0
0
0
0
0
0
0
0
0
0
0
0
0
0
0
0
0
0
0
0
0
0
0
0
0
0
0
0
0
0
0
0
0
1
1
0
0
0
0
0
0
0
0
0
0
0
0
0
0
0
0
0
0
0
0
0
0
0
0
0
0
0
0
0
0
0
0
0
0
0
0
0
0
0
0
0
0
0
0
0
0
0
0
0
0
0
0
0
12
59
49
215
839
1674
1288
251
728
1106
1037
365
408
380
363
426
485
711
642
464
588
581
665
660
479
583
629
451
522
622
396
756
800
575
1897
366
312
43
1
0
0
0
0
37
79
101
74
106
195
210
224
167
223
256
219
469
369
418
269
346
176
247
219
214
347
186
178
370
667
696
723
685
812
629
698
682
697
573
565
652
612
1884
0
0
0
0
0
0
0
0
48
39
19
7
94
141
145
98
207
211
219
256
384
255
307
331
254
219
480
401
179
576
301
373
440
424
310
352
379
344
421
334
563
497
589
570
383
395
1022
374
1173
0
0
158
534
851
1324
1199
805
605
477
555
594
1060
830
2090
312
288
393
294
408
257
231
283
389
765
579
962
1338
1121
1062
1083
1431
936
955
1338
1559
1912
342
318
658
619
967
1060
257
273
1904
0
0
0
0
0
0
0
0
0
16
30
46
31
102
74
141
210
222
281
293
184
307
261
301
267
418
244
383
424
436
394
368
493
621
481
569
502
439
449
288
383
486
504
686
2134
784
1164
431
853
1693
1820
184
265
1887
575
325
602
1036
2700
2566
521
733
586
583
2448
1071
1236
1321
1373
1341
1322
2182
954
624
1282
677
703
614
737
497
1007
815
939
855
1981
1313
4763
3266
175
259
137
454
476
643
875
1211
917
1368
883
853
885
632
794
593
557
539
515
447
626
761
710
679
456
447
543
436
1678
360
291
179
187
218
252
178
326
248
512
527
996
724
694
1564
910
1414
1250
1427
1191
654
3682
755
572
331
436
637
986
1282
1178
1139
1240
645
2080
1880
1036
1032
1341
757
1060
865
3026
0
0
0
0
0
0
0
0
0
0
0
0
0
0
0
0
0
0
0
0
0
0
0
0
0
0
0
0
0
0
0
0
0
4
21
30
70
54
180
159
159
160
57
140
191
182
228
276
221
244
249
254
282
413
852
563
399
371
409
416
323
369
288
290
246
261
273
1064
436
982
1316
608
1882
1155
947
902
413
269
164
137
74
71
188
43
314
236
359
520
508
1860
954
1453
2363
2803
2341
2002
1537
952
801
1141
1332
1508
1548
1498
1361
908
1071
906
979
1844
2238
1702
1436
2419
2546
1475
0
0
0
0
0
0
0
0
0
0
0
19
47
38
51
111
96
111
144
127
120
177
116
269
603
327
451
356
322
302
290
507
485
479
466
536
582
635
1077
942
876
879
831
1227
1912
947
983
1068
616
2323
350
246
274
295
24
70
40
149
2139
1422
1341
556
462
376
420
433
318
326
410
373
547
482
323
603
731
537
740
921
938
636
553
200
338
341
354
397
2077
0
0
0
0
0
10
58
276
228
0
3
5
10
61
20
51
107
124
115
116
197
143
134
246
286
368
194
306
374
450
378
430
403
346
335
385
303
276
453
347
320
459
299
370
448
773
503
870
1138
636
1009
1082
591
743
2221
131
305
335
642
532
506
393
556
331
158
255
102
116
223
218
300
118
221
218
264
250
246
287
586
516
608
467
363
547
312
268
613
460
367
396
431
366
505
1087
663
915
677
584
789
1537
755
744
2429
0
0
0
0
0
3
36
57
46
73
89
77
90
229
212
262
341
413
301
184
269
335
305
293
519
490
439
461
586
427
750
644
572
551
344
390
785
1498
676
548
501
2100
0
0
0
0
0
60
22
75
163
109
228
162
317
179
237
232
256
344
396
380
455
549
801
708
610
637
755
613
507
370
452
463
451
572
523
632
940
916
847
840
933
1034
1023
2000
1109
693
701
563
537
772
491
547
689
3238
16
1
9
8
46
86
135
78
137
178
98
332
204
247
542
442
411
682
453
363
738
414
320
746
559
499
1108
777
1225
553
577
539
400
521
475
292
419
2529
0
0
0
108
165
74
32
53
154
33
119
187
166
346
181
246
339
290
216
279
696
433
353
343
449
582
526
555
742
595
639
781
277
656
784
630
510
693
1970
0
0
5
5
0
0
0
0
0
7
10
60
29
62
109
71
132
139
136
233
208
348
327
277
228
354
372
339
362
424
396
422
319
2297
1542
1380
1084
1206
804
1082
1025
1204
959
960
1117
1208
1007
1206
1117
2046
0
0
0
0
26
33
270
287
196
156
205
94
145
256
371
388
260
429
495
408
654
850
888
644
607
525
557
609
500
630
646
623
806
1291
505
241
542
131
2018
0
0
0
0
0
0
5
3
3
50
44
66
20
108
102
38
178
197
205
200
726
665
404
387
586
723
729
871
1502
1217
494
403
352
1140
525
298
713
475
368
452
324
294
308
347
308
379
2685
1639
1543
2350
1361
300
834
4691
2421
2522
1725
916
516
1231
726
513
491
1047
1002
850
629
705
920
1191
1022
725
1117
1047
1453
1152
2079
1335
1739
1765
1750
1544
934
744
993
1143
1182
1138
1133
2033
1415
964
983
969
980
1905
2804
1304
715
1158
2854
0
0
0
0
0
9
5
20
46
65
87
133
167
171
260
244
277
281
397
382
416
361
310
369
403
259
351
409
322
656
635
633
423
402
578
617
593
540
580
384
519
377
332
569
2172
0
0
62
62
39
126
62
141
162
190
269
274
88
214
149
242
374
487
477
351
366
314
295
370
180
1687
1078
1177
937
1020
982
656
762
680
585
574
276
429
757
597
810
533
385
551
501
351
566
577
683
1627
785
678
526
500
437
575
341
328
456
413
180
299
745
682
1175
935
591
861
525
472
586
456
1104
1287
865
193
90
8
0
0
0
0
0
0
0
0
0
0
0
0
0
0
0
0
0
0
0
0
0
0
0
0
0
0
0
0
0
0
0
0
0
0
0
0
0
0
0
0
0
0
0
0
0
0
0
0
0
0
0
0
0
0
0
0
0
0
0
0
0
0
0
0
0
0
0
0
0
0
0
0
0
0
0
0
0
0
0
0
0
0
0
0
0
0
0
0
0
0
