0
0
0
0
0
0
0
0
0
0
0
0
0
0
0
0
0
0
0
0
0
0
0
264
253
0
254
254
0
0
0
0
0
0
0
0
0
0
0
0
0
0
0
0
0
0
0
0
0
0
0
0
0
0
0
0
0
0
0
0
0
0
0
0
0
0
0
0
0
0
0
0
0
0
0
0
0
0
0
0
0
0
0
0
0
0
0
0
0
0
0
0
0
0
0
0
0
0
0
0
0
0
0
0
0
0
0
0
0
0
0
0
0
0
0
0
0
0
0
0
0
0
0
246
265
264
0
0
0
0
0
0
0
0
0
0
0
0
0
0
0
0
0
0
0
0
0
0
0
0
0
0
0
0
0
0
0
0
0
0
0
0
0
0
0
0
0
0
0
0
0
0
0
0
0
0
0
0
0
0
0
0
0
0
0
0
0
0
0
0
0
0
0
0
0
0
0
0
0
0
0
0
0
0
0
0
0
0
0
0
0
0
0
0
0
0
0
0
0
0
0
0
0
0
0
0
0
0
0
0
0
0
0
0
0
0
0
0
0
0
0
0
0
0
0
0
0
0
0
0
0
0
0
0
0
0
0
0
0
0
0
0
0
0
0
0
0
0
0
0
0
0
0
0
0
0
0
0
0
0
0
0
0
0
0
0
0
0
0
0
0
0
0
0
0
0
0
0
0
0
0
0
0
0
0
0
0
0
0
0
0
0
0
0
0
0
0
0
0
0
0
0
0
0
0
0
0
0
0
0
0
0
0
0
0
0
0
0
0
0
0
0
0
0
0
0
0
0
0
0
0
0
0
0
0
0
0
0
0
0
0
0
0
0
0
0
0
0
0
0
0
0
0
0
0
0
0
0
0
0
0
0
0
0
0
0
0
0
0
0
0
0
0
0
0
0
0
0
0
0
0
0
0
0
0
0
0
0
0
0
0
0
0
0
0
0
0
0
0
0
0
0
0
0
0
0
0
0
0
0
0
0
0
0
0
0
0
0
0
0
0
0
0
0
0
0
0
0
0
0
0
0
0
0
0
0
0
0
0
0
0
0
0
0
0
0
0
0
0
0
0
0
0
0
0
0
0
0
0
0
0
0
0
0
0
0
0
0
0
0
0
0
0
0
0
0
0
0
0
0
0
0
0
0
0
0
0
0
0
0
0
0
0
0
0
0
0
0
0
0
0
0
0
0
0
0
0
0
0
0
0
0
0
0
0
0
0
0
0
0
0
0
0
0
0
0
0
0
0
0
0
0
0
0
0
0
0
0
0
0
0
0
0
0
0
0
0
0
0
0
0
0
0
0
0
0
0
0
0
0
0
0
0
0
0
0
0
0
0
0
0
0
0
0
0
0
0
0
0
0
0
0
0
0
0
0
0
0
0
0
0
0
0
0
0
0
0
0
0
0
0
0
0
0
0
0
0
0
0
0
0
0
0
0
0
0
0
0
0
0
0
0
0
0
0
0
0
0
0
0
0
0
0
0
0
0
0
0
0
0
0
0
0
0
0
0
0
0
0
0
0
0
0
0
0
0
0
0
0
0
0
0
0
0
0
0
0
0
0
0
0
0
0
0
0
0
0
0
0
0
0
0
0
0
0
0
0
0
0
0
0
0
0
0
0
0
0
0
0
0
0
0
0
0
0
0
0
0
0
0
0
0
0
0
0
0
0
0
0
0
0
0
0
0
0
0
0
0
0
0
0
0
0
0
0
0
0
0
0
0
0
0
0
0
0
0
0
0
0
0
0
0
0
0
0
0
0
0
0
0
0
0
0
0
0
0
0
0
0
0
0
0
0
0
0
0
0
0
0
0
0
0
0
0
0
0
0
0
0
0
0
0
0
0
0
0
0
0
0
0
0
0
0
0
0
0
0
0
0
0
0
0
0
0
0
0
0
0
0
0
0
0
0
0
0
0
0
0
0
0
0
0
0
0
0
0
0
0
0
0
0
0
0
0
0
0
0
0
0
0
0
0
0
0
0
0
0
0
0
0
0
0
0
0
0
0
0
0
0
0
0
0
0
0
0
0
0
0
0
0
0
0
0
0
0
0
0
0
0
0
0
0
0
0
0
0
0
0
0
0
0
0
0
0
0
0
0
0
0
0
0
0
0
351
343
0
351
331
331
0
0
0
341
341
332
332
0
0
0
0
0
0
0
0
0
0
0
318
295
267
272
256
263
287
296
290
283
311
0
338
0
0
313
283
224
0
290
228
269
228
0
171
0
0
251
0
270
315
315
266
262
0
0
0
235
0
257
257
0
0
332
351
332
0
0
0
332
0
0
0
351
0
0
302
317
0
315
256
0
307
311
0
0
0
0
0
0
0
0
0
0
0
259
259
313
279
269
0
0
0
0
0
0
0
230
241
0
0
252
0
317
319
340
309
316
0
314
283
0
284
0
0
0
331
0
0
232
230
0
0
0
0
0
251
247
0
315
0
0
0
0
253
303
298
0
0
0
0
0
325
327
0
0
0
0
0
318
318
0
0
0
0
157
157
182
182
194
207
227
230
228
0
252
252
271
270
0
0
208
277
276
277
0
0
183
0
0
0
0
0
0
230
217
288
263
299
282
320
319
344
346
0
235
281
277
0
194
0
229
160
236
244
206
0
181
278
0
278
0
0
0
0
0
231
274
252
340
340
278
167
232
237
269
258
0
0
212
211
0
0
232
241
316
185
343
199
338
278
300
297
259
316
0
0
270
256
264
0
0
0
0
0
0
0
0
0
0
284
278
270
266
0
0
245
285
0
276
273
0
0
0
0
0
0
0
0
256
0
287
281
296
313
308
303
272
277
296
296
320
302
297
325
336
285
308
273
273
0
296
0
0
0
0
0
350
328
0
285
307
287
0
289
273
309
307
297
289
0
0
0
0
0
0
0
0
0
0
232
232
0
250
261
259
278
296
315
331
332
0
0
0
0
0
0
0
0
333
0
261
297
309
0
341
332
0
260
0
333
0
0
298
285
0
0
0
0
216
218
237
263
237
277
263
288
295
314
297
307
0
0
239
0
0
330
0
0
0
0
0
0
0
0
0
330
286
219
221
232
235
274
286
274
277
0
0
0
0
0
0
0
0
0
0
0
0
0
0
0
0
0
273
272
275
302
0
317
334
326
351
0
0
0
0
0
272
273
273
0
0
0
302
0
302
302
0
0
0
0
0
0
307
304
302
303
0
0
0
0
242
242
265
326
338
318
331
321
349
0
264
0
0
0
0
299
0
0
0
0
299
299
292
264
0
0
0
0
300
301
0
264
0
0
299
0
0
279
300
302
300
287
292
0
0
0
0
0
0
238
237
0
251
0
276
265
291
341
342
340
0
0
339
0
236
0
0
320
340
0
273
238
0
0
0
267
0
0
0
0
0
281
278
282
289
0
0
0
0
176
178
177
192
200
231
232
265
273
302
312
336
0
0
305
275
231
0
175
252
0
0
295
296
0
215
174
0
202
0
0
0
340
342
317
310
327
305
302
225
275
0
0
262
265
0
0
0
0
0
0
0
0
131
132
153
152
0
154
187
187
173
212
233
233
0
267
251
277
288
300
295
339
294
234
228
204
133
268
222
154
0
234
0
0
268
268
0
0
187
0
248
255
251
255
253
243
257
234
211
228
238
247
133
316
293
250
0
187
246
273
240
237
0
0
0
0
0
0
0
0
0
0
0
0
0
0
0
0
0
0
0
0
0
0
0
0
0
0
0
0
0
0
0
0
0
0
0
0
167
174
0
204
228
239
256
261
276
331
287
0
286
236
0
234
210
0
0
280
336
0
0
0
0
0
0
0
0
0
0
0
278
237
0
0
337
248
248
0
0
0
0
186
188
186
0
232
217
187
250
288
293
328
267
278
301
293
281
329
0
240
256
282
286
292
122
268
122
0
218
205
191
202
197
0
0
285
275
342
342
0
342
0
0
0
0
0
0
0
0
0
0
156
166
166
201
225
224
248
246
272
310
304
351
327
0
328
288
262
277
0
0
0
0
0
329
0
0
328
328
0
0
256
294
0
294
329
0
199
224
235
180
188
191
182
185
0
186
231
242
263
231
302
268
343
310
215
0
0
300
240
341
0
0
0
0
0
0
0
0
0
0
261
261
0
275
271
0
0
0
0
0
0
0
0
0
0
0
176
177
182
199
222
234
267
289
323
338
347
0
223
221
0
348
220
0
267
0
271
245
135
348
0
0
0
201
222
223
282
346
286
307
221
346
230
303
263
343
0
0
0
245
230
222
228
203
210
196
196
223
244
283
278
298
298
0
0
334
240
0
0
0
0
0
0
243
297
283
270
166
244
254
223
266
288
0
238
316
255
246
0
297
314
234
234
0
0
0
0
0
0
0
0
0
0
162
182
182
192
231
232
253
284
323
293
333
332
256
312
294
316
303
303
261
268
271
276
320
329
318
0
0
206
0
0
0
0
0
0
249
251
0
0
117
117
127
137
159
137
185
170
196
227
235
286
287
319
329
293
0
0
138
138
206
190
116
264
227
0
0
0
231
248
237
0
219
0
195
207
186
199
182
120
205
0
132
161
0
173
168
211
198
202
223
224
0
0
0
303
249
165
0
238
228
0
0
0
207
266
119
199
258
256
116
169
139
267
0
0
0
187
0
0
0
0
0
0
0
0
0
0
0
0
0
0
0
0
0
0
0
0
0
0
0
0
0
0
0
0
0
0
0
0
0
0
0
0
0
0
0
0
0
0
0
0
0
0
0
0
0
0
0
0
0
0
0
0
0
0
0
0
0
0
0
0
0
0
0
0
0
0
0
0
0
0
0
0
0
0
0
0
0
0
0
0
0
0
0
0
0
0
0
0
0
0
0
0
0
0
0
0
0
0
0
0
0
0
0
0
0
0
0
0
0
0
0
0
0
0
0
0
0
0
0
0
0
0
0
0
0
0
0
0
0
0
0
0
0
0
0
0
0
0
0
0
0
0
0
0
0
0
0
0
0
0
0
0
0
0
0
0
0
0
0
0
0
0
0
0
0
0
0
0
0
0
0
0
0
0
0
346
333
348
336
0
0
0
0
0
0
0
0
0
0
0
0
0
0
0
0
0
0
0
0
0
0
0
0
0
0
0
0
0
0
0
0
0
0
0
0
0
0
0
0
0
0
0
0
0
0
0
0
0
0
0
0
0
0
0
0
0
0
0
0
0
0
0
0
0
0
0
0
0
0
0
0
0
0
0
0
0
0
0
0
0
0
0
0
0
0
0
0
0
0
0
0
309
0
309
0
0
0
0
0
0
0
0
0
0
0
0
0
0
0
0
0
0
0
0
0
0
0
0
0
0
0
0
0
0
0
0
0
0
0
0
0
0
0
0
0
0
0
0
0
0
0
0
0
0
0
0
0
0
0
0
0
0
0
0
0
0
0
0
0
0
0
0
0
0
0
0
0
0
0
0
0
0
0
0
0
0
0
0
0
0
0
0
0
0
0
0
0
0
0
0
0
0
0
0
0
0
0
0
0
0
0
0
0
0
0
0
0
0
0
0
0
0
0
0
0
0
0
0
0
0
0
0
0
0
0
0
0
0
0
0
0
0
0
0
0
0
332
332
335
351
351
0
0
0
350
303
350
231
167
209
173
0
184
0
0
0
0
0
0
0
0
0
0
336
335
0
0
0
0
285
299
294
308
307
286
291
310
301
276
187
187
202
216
215
187
262
287
296
239
265
0
0
0
0
0
280
0
244
289
274
0
0
0
0
304
0
0
186
0
188
0
213
252
266
0
0
0
0
0
192
191
192
221
235
234
217
237
318
340
334
192
257
229
236
237
192
0
0
0
237
232
293
191
236
0
0
0
0
0
0
289
0
229
242
241
241
256
273
259
0
0
0
0
0
0
0
0
0
0
0
257
257
281
268
0
298
315
326
328
328
0
0
328
350
304
0
327
0
0
0
0
0
0
0
0
0
0
0
0
301
295
304
269
0
0
283
0
0
0
293
293
0
0
0
0
0
0
0
0
0
0
0
0
0
0
182
183
183
207
207
229
207
229
253
229
229
206
0
214
181
212
256
0
0
0
278
0
190
0
161
317
236
232
236
201
0
342
342
280
236
255
329
160
0
273
0
0
0
0
0
0
0
0
0
318
0
183
248
254
235
222
208
301
278
298
0
0
0
255
0
340
253
304
261
231
187
214
236
244
0
0
0
0
193
193
222
208
235
244
261
261
299
335
192
0
0
0
0
193
192
194
253
228
0
267
0
255
195
195
275
193
332
0
0
193
224
0
224
0
0
259
267
0
0
0
0
0
318
0
320
217
313
327
315
314
324
318
268
262
270
277
294
261
280
343
342
345
343
351
337
276
296
0
0
0
316
316
256
0
217
296
227
0
218
232
246
246
0
263
273
0
0
0
0
0
0
213
286
231
284
313
0
309
325
335
333
324
298
290
312
296
303
331
332
0
0
0
0
0
0
0
0
233
0
0
0
327
332
312
311
313
306
292
290
0
0
0
216
0
217
240
240
263
263
271
331
287
280
0
0
240
0
0
0
331
0
0
0
0
0
0
220
285
0
331
0
0
0
0
0
0
218
257
263
296
277
272
0
0
0
0
0
0
0
271
273
273
302
305
315
327
311
316
0
0
271
288
307
316
326
0
273
0
271
307
310
0
317
326
0
0
0
299
305
312
0
302
0
0
302
0
0
293
292
292
286
286
0
242
242
0
266
192
184
205
187
196
184
211
223
207
0
0
0
0
0
0
282
300
264
301
0
0
0
300
303
272
0
0
0
0
349
0
0
0
300
0
0
301
266
298
317
298
295
0
0
323
322
269
298
300
307
259
0
250
252
290
266
297
333
289
282
257
0
301
327
332
295
293
332
253
240
278
287
271
299
310
326
339
347
336
344
329
333
270
340
285
304
322
280
300
301
273
282
285
276
298
302
309
324
340
336
0
0
0
0
0
0
0
0
0
253
306
342
308
290
303
303
317
225
289
304
296
325
329
0
267
268
0
327
350
338
350
0
0
0
0
0
350
0
0
333
318
300
261
282
259
309
297
199
196
284
276
284
289
256
265
237
242
281
269
245
229
216
257
266
296
314
332
286
284
222
243
237
242
282
290
227
232
224
236
235
226
231
225
239
266
247
263
300
211
0
255
275
0
299
318
0
289
268
251
293
263
231
0
0
0
0
0
0
0
0
0
0
0
0
0
0
0
0
0
0
0
0
0
0
0
0
0
0
0
0
0
0
0
0
0
0
0
0
167
0
187
206
212
229
244
271
0
285
340
255
166
323
338
0
0
0
0
0
0
314
0
258
0
0
0
0
188
210
238
275
209
237
0
249
249
0
0
0
0
187
188
187
0
214
221
189
282
297
311
336
335
351
0
308
0
0
0
188
233
0
0
188
0
0
0
0
0
0
0
0
0
0
187
187
275
269
0
0
0
0
0
0
0
0
0
0
0
0
0
0
0
157
167
0
196
213
217
240
260
327
305
327
339
0
329
213
220
0
0
0
303
303
327
327
0
0
0
0
0
250
0
0
0
246
244
0
0
0
77
195
77
216
245
235
262
301
293
289
310
317
314
306
243
0
291
274
248
262
310
0
301
314
0
286
0
0
0
252
246
0
245
0
0
268
270
0
0
0
0
0
0
0
0
0
0
0
177
176
196
183
199
245
252
266
287
313
346
309
0
0
0
0
245
245
0
221
263
304
0
0
0
0
0
0
0
0
292
265
0
249
222
0
349
245
0
238
216
260
247
236
166
233
200
214
281
237
172
161
146
197
219
214
315
311
243
236
235
243
264
265
293
291
297
300
246
294
222
214
209
231
214
212
0
203
185
168
285
277
277
223
223
222
238
238
250
242
0
0
0
0
0
0
0
161
0
0
0
200
208
232
232
219
258
272
267
307
294
257
233
254
257
267
255
225
0
332
269
0
0
0
0
253
0
206
309
323
0
0
0
245
243
117
137
128
157
147
0
185
171
185
202
224
248
262
289
311
337
331
324
0
118
190
0
265
195
179
0
0
0
323
0
194
122
218
166
228
0
0
140
207
139
265
139
0
218
236
243
173
341
222
140
228
119
117
0
117
0
0
138
230
236
303
323
161
144
166
124
197
212
0
0
323
178
0
0
271
323
247
226
181
137
0
0
187
152
0
0
0
0
0
0
0
0
0
0
0
0
0
0
0
0
0
0
0
0
0
0
0
0
0
0
0
0
0
0
0
0
0
0
0
0
0
0
221
286
213
282
300
242
300
0
0
0
0
0
0
0
0
0
234
0
234
0
0
0
0
0
0
0
0
0
0
0
0
0
0
0
0
0
0
0
0
0
0
0
0
0
0
0
0
0
0
0
0
0
0
0
0
0
0
0
0
0
0
0
0
0
0
0
0
0
0
0
0
0
0
0
0
0
0
0
0
0
0
0
0
0
0
0
0
0
0
0
0
0
0
0
0
0
0
0
0
0
0
0
0
0
0
0
0
0
0
0
0
0
0
0
0
0
0
0
0
0
0
0
0
0
0
0
0
0
0
0
0
0
0
0
0
0
0
0
0
0
0
0
0
0
0
0
0
0
0
0
0
0
0
0
0
0
0
0
0
0
0
0
0
0
0
0
0
0
0
0
0
0
0
345
334
348
336
338
335
341
335
337
0
0
0
0
0
0
0
0
0
200
0
200
0
272
218
272
218
0
0
0
0
0
0
0
0
0
0
0
0
0
342
0
342
0
0
0
0
0
0
0
0
0
0
0
0
0
0
0
0
0
0
0
0
0
0
0
0
0
0
0
0
0
0
0
0
0
0
0
0
0
0
0
0
0
0
0
0
0
0
0
0
0
0
0
0
0
0
0
0
0
0
0
0
0
0
0
0
0
0
0
0
0
0
0
0
0
0
0
0
0
0
0
0
0
0
0
0
0
0
0
0
0
0
0
0
0
0
0
0
0
0
0
0
0
0
0
0
0
0
0
0
0
0
0
0
0
0
0
0
0
0
0
0
0
0
0
0
0
0
0
0
0
0
0
0
0
0
0
0
0
0
0
0
0
0
0
0
0
0
0
0
0
0
0
0
0
0
0
0
0
0
0
0
0
0
0
0
0
0
0
0
0
0
0
0
0
0
0
0
0
0
0
0
0
0
0
0
0
0
0
0
0
0
0
0
0
0
0
0
0
0
0
0
0
0
0
0
0
0
0
0
0
0
0
0
0
0
0
0
0
0
0
0
0
0
0
0
0
0
0
0
0
0
0
0
0
0
0
0
0
0
0
0
0
0
0
0
0
0
0
0
0
0
0
0
0
0
0
0
0
0
0
0
0
0
0
0
0
0
0
0
0
0
0
0
0
0
0
0
0
0
0
0
0
0
0
0
0
0
0
0
0
0
0
0
0
0
0
0
0
0
0
0
0
0
0
0
0
0
0
0
0
0
0
0
0
0
0
0
0
0
0
0
0
0
0
0
0
0
0
0
0
0
0
0
0
0
0
0
0
0
0
0
0
0
0
0
0
0
0
0
0
0
0
0
0
0
0
0
0
0
0
0
0
0
0
0
0
0
0
0
0
0
0
0
0
0
0
0
0
0
0
0
0
0
0
0
0
0
0
0
0
0
0
0
0
0
0
0
0
0
0
0
0
0
0
0
0
0
0
0
0
0
0
0
0
0
0
0
0
0
0
0
0
0
0
0
0
0
0
0
0
0
0
0
0
232
232
161
283
197
281
205
218
230
224
213
281
234
0
233
230
233
265
299
261
233
332
0
259
260
262
0
312
233
258
289
299
288
286
294
0
0
0
0
0
0
0
216
216
216
226
261
265
274
299
307
331
300
298
253
241
351
351
239
218
0
0
0
0
0
0
278
266
265
261
0
247
261
288
268
271
276
0
0
0
286
279
0
0
0
0
0
0
0
273
272
275
0
273
304
306
327
310
275
0
0
0
0
274
0
0
0
306
306
0
0
307
273
0
0
272
275
273
274
273
0
351
274
0
306
298
273
289
304
300
306
0
242
0
0
266
265
241
288
0
316
322
321
321
303
0
0
299
265
351
325
0
0
0
303
303
303
0
248
0
226
0
0
0
300
0
265
275
0
0
284
309
0
289
0
290
296
0
0
0
0
0
0
0
0
237
0
240
0
268
254
259
299
321
272
322
254
339
0
0
238
0
0
237
238
236
236
0
340
239
238
284
339
236
270
339
0
0
317
0
286
251
248
237
258
244
215
244
231
176
255
225
219
248
216
317
326
264
0
0
0
252
0
0
336
0
0
0
0
230
231
316
174
175
238
199
230
163
175
168
176
0
245
264
258
0
0
0
0
196
187
194
214
188
199
188
132
156
153
152
153
187
133
186
156
201
205
152
266
282
267
210
199
249
299
290
290
289
288
288
0
0
246
258
194
185
237
232
259
252
229
238
136
243
238
246
281
286
0
0
0
268
267
289
256
0
225
252
274
0
294
311
278
280
236
237
0
0
0
0
0
0
0
0
0
0
0
0
0
0
0
0
0
0
0
0
0
0
0
0
0
0
0
0
0
0
0
0
0
0
167
0
174
207
219
225
248
258
297
337
338
338
0
0
338
337
0
0
287
270
277
189
0
0
0
0
0
0
0
0
0
0
246
252
309
186
252
242
279
323
336
322
0
187
187
187
0
232
232
223
281
296
289
267
272
241
217
351
241
0
211
227
0
189
343
187
189
297
294
280
304
0
0
281
347
347
347
343
318
259
276
271
0
0
0
0
0
0
0
0
0
0
0
0
157
176
177
188
202
218
228
247
283
285
327
230
268
0
328
200
0
0
329
0
0
0
0
0
284
306
178
208
0
255
252
315
202
341
313
248
253
242
0
190
0
196
0
0
216
216
236
239
264
258
292
300
323
274
343
343
344
342
0
0
246
345
344
0
0
251
308
301
0
252
215
239
263
265
270
0
0
0
0
0
0
0
0
0
0
0
0
177
177
196
0
222
222
226
267
258
286
336
347
0
351
0
0
0
0
348
348
0
0
305
244
0
266
266
0
0
0
0
0
0
284
346
273
283
206
236
209
240
243
242
259
304
291
304
276
258
291
199
283
190
0
223
238
284
292
307
332
332
0
0
0
0
245
307
0
334
245
245
230
0
303
303
0
234
335
0
293
189
206
0
0
0
0
302
262
0
224
248
0
0
0
0
0
0
162
0
0
0
200
0
225
242
206
298
298
251
300
173
183
0
0
0
0
0
0
205
231
0
208
335
335
0
0
0
301
313
164
252
263
257
0
0
0
0
117
117
137
142
146
185
187
207
211
246
286
259
287
326
325
139
116
166
191
277
275
299
328
287
209
321
140
302
139
241
0
287
204
245
286
222
238
161
224
207
185
231
188
242
206
240
117
0
253
231
0
0
0
167
169
187
172
211
230
223
232
228
0
301
337
210
260
251
259
338
274
0
286
236
0
211
251
220
232
0
0
0
0
0
210
0
255
247
0
0
0
187
190
188
0
232
232
0
281
270
322
334
0
187
0
0
186
268
241
187
0
306
0
0
0
328
0
0
0
327
335
314
267
293
293
264
268
0
0
0
0
0
0
0
0
0
0
157
170
178
0
189
0
202
0
283
285
328
327
0
0
0
156
0
326
0
0
199
0
259
237
233
0
329
0
225
0
227
250
0
200
0
0
248
251
263
257
0
0
0
0
0
216
217
226
226
263
247
0
342
342
0
214
299
266
222
0
263
306
269
0
0
0
215
0
0
296
0
252
304
314
0
345
241
262
263
0
0
0
0
0
0
0
0
177
178
197
197
220
0
226
267
267
290
322
253
284
0
241
335
321
309
273
263
282
257
264
324
295
245
348
0
0
0
0
0
0
266
266
0
266
277
315
0
263
247
204
209
185
188
205
194
195
207
0
207
200
207
227
253
282
296
289
238
315
238
239
199
0
205
0
218
217
208
234
230
215
239
0
237
253
262
260
237
269
268
273
294
294
261
158
249
264
311
257
219
239
0
0
0
0
0
0
0
162
0
183
182
207
207
232
239
231
278
322
334
294
0
333
0
230
0
161
0
206
0
0
0
0
231
0
231
0
225
0
0
253
253
0
334
251
251
0
116
118
117
138
119
162
0
163
202
205
213
267
296
322
284
0
269
229
139
0
140
0
245
207
241
124
128
0
0
0
0
118
0
127
0
207
207
0
0
172
116
321
321
244
163
0
0
195
154
0
0
207
138
0
0
0
265
0
0
117
324
161
211
264
0
261
215
0
0
160
240
221
213
235
0
0
0
0
0
0
0
0
0
0
0
0
0
0
0
0
0
0
0
0
0
0
0
0
0
0
0
0
0
0
0
0
0
0
0
0
0
0
0
0
0
0
0
0
0
0
0
0
0
0
0
0
0
0
0
0
0
0
0
0
0
0
0
0
0
0
0
0
0
0
0
0
0
0
0
0
0
0
0
0
0
0
0
0
0
0
0
0
0
0
0
0
