0
0
0
0
0
0
0
0
0
0
0
0
0
0
0
0
0
0
0
0
0
0
0
0
0
0
0
0
0
0
0
0
0
0
0
0
0
0
0
0
0
0
0
0
0
0
0
0
0
0
0
0
0
0
0
6
26
27
29
31
27
25
26
27
27
27
26
26
26
26
27
25
25
25
26
27
26
28
28
27
27
26
27
25
25
26
27
27
27
27
28
27
27
27
27
27
26
27
27
27
27
27
26
26
26
26
26
26
25
26
26
26
26
26
26
26
26
26
26
27
26
29
28
7
0
0
0
0
0
0
0
0
0
0
0
0
0
0
0
0
0
0
0
0
0
0
0
0
0
0
0
0
0
0
0
0
0
0
0
0
0
0
0
0
0
0
0
0
0
0
0
0
0
0
0
0
0
0
0
0
0
0
0
0
0
0
0
0
0
0
0
0
0
0
0
0
0
0
0
0
0
0
0
0
0
0
0
0
0
0
0
0
0
0
0
0
0
0
0
0
0
0
0
0
0
0
0
0
0
0
0
0
0
0
0
0
0
0
0
0
0
0
0
0
0
0
0
0
0
0
0
0
0
0
0
0
0
0
0
0
0
0
0
0
0
0
0
0
0
0
0
0
0
0
0
0
0
0
0
0
0
0
0
0
0
0
0
0
0
0
0
0
0
0
0
0
0
0
0
0
0
0
0
0
0
0
0
0
0
0
0
0
0
0
0
0
0
0
0
0
0
0
0
0
0
0
0
0
0
0
0
0
0
0
0
0
0
179
234
417
584
768
940
1158
1189
1195
1349
1566
1739
1863
1993
2140
2147
2295
2551
2702
2948
3065
3212
3429
3578
3724
3817
3960
4190
4277
4450
4476
4589
4651
4676
4724
4746
4743
4766
4882
4905
4931
4957
4969
4999
5054
5196
5196
5195
5303
5396
5397
5403
5404
5409
5414
5415
5421
5424
5423
5433
5431
5430
5431
5433
5432
5429
5432
5429
5435
5434
5432
5431
5426
5425
5434
5432
5429
5400
5414
5633
5678
5868
6001
6129
6296
6522
6702
6811
6924
7104
7116
7258
7376
7492
7638
7855
7996
8186
8287
8306
8374
8557
8733
8909
8999
9213
9239
9244
9521
9743
9974
10144
10224
10448
10626
10707
10886
10943
11096
11329
11382
11541
11757
11833
12044
12108
12285
12506
12547
12555
12555
12559
12563
12566
11747
0
0
0
0
0
0
0
0
0
0
0
0
0
0
0
0
0
0
0
0
0
0
0
0
0
0
0
0
0
0
0
0
0
0
0
189
217
338
480
607
790
913
922
906
1132
1181
1390
1495
1645
1778
1932
2066
2070
2070
2250
2439
2607
2717
2820
3049
3045
3047
3251
3436
3584
3813
3925
4008
4174
4349
4414
4572
4641
4832
4911
5105
5232
5333
5558
5586
5599
5612
5637
5727
5821
5833
5858
5874
5880
5894
5946
6006
6075
6095
6118
6219
6296
6312
6315
6340
6340
6339
6337
6328
6313
6327
6320
6317
6312
6315
6311
6321
6323
6330
6327
6328
6319
6326
6329
6315
6325
6323
6326
6333
6328
6395
6521
6569
6763
6922
7035
7265
7411
7543
7677
7842
7846
7891
8034
8100
8309
8534
8689
8853
8946
8963
9035
9205
9418
9551
9666
9871
9882
9961
10161
10396
10614
10714
10816
11023
11215
11349
11432
11610
11648
11846
11941
12084
12288
12386
12546
12678
12823
12916
12911
12909
12905
12907
11938
0
0
0
0
0
0
0
0
0
250
431
618
933
1104
1286
1364
1643
1924
2233
2586
2644
2915
3136
3390
3613
3733
3769
4068
4377
4583
4988
5137
5301
5366
5619
5911
6124
6482
6771
6791
6803
6793
6783
6396
0
0
1
6
278
566
767
1054
1234
1259
1459
1744
2002
2282
2488
2497
2584
2833
3013
3113
3410
3624
3828
3838
4036
4402
4669
4911
5173
5263
5475
5502
5644
5808
6086
6361
6677
7002
7050
7054
7052
7051
7045
7035
7036
6605
0
0
0
0
0
0
0
0
0
166
259
540
826
1151
1521
1688
2150
2495
2759
2965
3146
3290
3581
3857
4190
4532
4845
5088
5368
5700
5813
6037
6298
6588
6925
7204
7564
7878
8157
8565
8619
8606
8629
8608
8595
8664
8834
8938
8990
9023
8964
9019
9026
9047
9133
9246
9320
9424
9450
9458
9448
9431
9442
9608
9768
9956
10144
10454
10529
10716
10759
10946
11320
11475
11741
11962
12138
12295
12322
12484
12613
12872
13280
13578
13757
13844
13839
13817
13817
13820
13107
0
0
0
0
0
0
0
299
679
1153
1465
1967
2458
2982
3366
3959
4198
4689
4965
5225
5669
5979
6072
6334
6668
7070
7484
7805
8148
8235
8238
8490
8860
9129
9449
9810
9834
9827
9826
9824
9267
0
0
0
0
0
0
0
0
46
350
697
900
1248
1253
1462
1870
2038
2435
2513
2580
2843
3056
3225
3559
3807
3911
4071
4365
4684
4991
5160
5426
5492
5620
5799
6073
6452
6746
7015
7049
7047
7044
7045
7045
7046
6656
0
0
0
0
0
0
0
0
0
0
0
0
0
168
187
416
650
884
1204
1475
1641
2066
2228
2525
2833
2970
3132
3191
3458
3704
3961
4263
4542
4695
5050
5224
5490
5795
5829
6045
6265
6508
6841
7166
7276
7652
7880
7955
8130
8273
8426
8557
8543
8588
8769
8977
8995
9012
9126
9300
9415
9416
9394
9561
9639
9799
9947
10035
10168
10394
10523
10744
10788
11059
11386
11557
11899
12027
12302
12363
12453
12608
12879
13157
13499
13807
13878
13888
13887
13890
13320
0
2
3
1
0
4
0
0
0
0
0
0
0
0
0
0
0
0
0
0
0
0
0
0
0
0
0
0
0
0
0
0
0
0
0
44
462
748
1043
1317
1586
1901
2238
2295
2579
2891
3155
3205
3463
3472
3690
4061
4334
4680
4681
4789
5037
5217
5507
5786
6098
6104
6206
6575
6873
6884
6885
6885
6593
0
0
0
0
0
0
0
0
4
2
4
2
0
201
582
899
1214
1482
1750
2009
2255
2614
2851
3266
3433
3672
3952
4428
4886
5071
5440
5526
5772
6117
6471
6857
7206
7401
7711
7973
8221
8603
8984
8994
9003
8937
23
26
23
18
33
19
24
37
27
26
0
0
209
521
903
1409
1585
2127
2647
2881
3294
3587
3857
4252
4340
4403
4762
5070
5409
5679
5869
6021
6208
6293
6436
6446
6780
7023
7129
7118
7139
7138
7136
7135
6569
0
0
0
0
0
0
0
0
0
0
0
0
11
341
761
1086
1316
1468
1748
1919
2185
2398
2704
3018
3326
3353
3603
3848
4044
4367
4669
4908
5125
5334
5547
5807
6122
6397
6411
6716
7040
7307
7607
7895
8176
8598
8643
8636
8628
8110
0
0
0
0
0
0
0
0
0
66
425
758
1173
1364
1780
2112
2432
2800
3167
3251
3440
3722
4125
4452
4734
5236
5670
6102
6457
6861
6998
7431
7696
7967
8485
8792
9226
9621
9621
9624
9616
0
0
0
0
0
0
0
0
0
0
0
0
0
227
510
848
1138
1347
1533
1841
2146
2495
2567
2692
2851
3103
3370
3563
3760
3913
4185
4376
4537
4833
5063
5368
5375
5593
5784
6000
6296
6575
6842
7200
7122
7079
6643
504
80
0
0
0
0
0
0
0
0
201
395
818
1235
1487
1823
2167
2503
2867
3157
3545
3861
4090
4493
4962
5260
5563
5957
6163
6527
6930
7232
7549
7836
8002
8165
8562
8864
9107
9301
9305
9310
9306
8738
0
333
142
38
10
1
0
2
0
0
0
0
140
324
645
705
963
1180
1475
1744
1881
2052
2356
2631
2944
3122
3261
3449
3782
4108
4326
4533
4608
4875
5025
5159
5348
5508
5644
5884
5914
5917
5909
5340
0
0
0
0
0
0
0
0
0
0
0
0
107
445
766
1026
1039
1211
1602
1950
2237
2564
2580
2818
3133
3436
3584
3794
5392
4963
4345
4717
5047
5315
5573
5854
6004
6072
6290
6563
6758
7012
7371
7478
7772
8078
8349
8747
9036
9089
9121
9121
8402
0
0
0
0
0
207
297
517
665
865
1172
1416
1652
1725
1948
2067
2363
2389
2696
2959
3038
3131
3391
4052
3917
4217
4269
4644
4686
4911
5144
5408
5702
5793
5889
6042
6341
6410
6631
6820
7068
7061
7072
7103
7111
7116
6396
0
0
0
0
33
201
496
724
1042
1289
1501
1682
1983
2175
2431
2500
2771
3068
3165
3444
3632
3907
4102
4348
4670
5211
5483
5675
5909
6074
6316
6580
6799
6851
7150
7361
7571
7775
7893
7879
7885
7326
0
0
0
0
0
0
0
0
0
189
388
558
816
996
1171
1387
1678
2000
2268
2377
2643
2987
3322
3480
3663
3948
4293
4551
4643
4883
5250
5539
5691
5728
5939
6184
6539
6834
6973
7341
7552
7569
7778
7980
8218
8442
8705
8959
9065
9455
9536
9719
9885
10045
10339
10700
10953
10995
11203
11364
11724
11950
12141
12161
12163
12161
12160
11598
0
0
0
0
956
490
374
592
559
294
334
468
346
0
46
479
796
1177
1620
1836
2191
2429
2656
2834
3202
3518
3810
4071
4324
4443
4716
4992
5508
5578
5567
5760
6031
6309
6323
6341
6387
5895
2
0
1
13
0
0
0
0
0
0
0
0
0
0
0
0
0
106
268
565
857
1058
1293
1607
1860
1893
2134
2402
2617
2818
3102
3309
3569
3786
4042
4273
4571
4839
5058
5287
5620
5946
5972
5984
6023
6013
5538
0
0
0
0
0
0
0
0
0
0
0
0
2
0
233
565
698
1001
1412
1568
1677
2127
2426
2752
3164
3232
3812
4163
4466
4819
5244
5533
6024
6444
6451
6440
6436
5801
0
0
0
0
0
206
481
768
1323
1599
2021
2351
2838
3088
3408
4060
4338
4740
5118
5360
5878
6153
6435
6847
7134
7510
7740
7982
7977
8032
8227
8321
8447
8761
8884
9159
9581
9632
9971
10253
10434
10718
10918
11179
11425
11633
11766
12028
12026
12041
12080
11199
0
0
0
0
0
0
179
235
420
586
775
922
1146
1175
1180
1339
1543
1720
1944
2082
2256
2306
2297
2528
2684
2914
3007
3192
3411
3551
3731
3811
4274
4196
4271
4432
4490
4592
4651
4662
4680
4711
4721
4779
4877
4901
4878
4906
4930
4953
5010
5177
5173
5169
5319
5353
5360
5379
5369
5374
5376
5374
5372
5387
5399
5394
5371
5383
5419
5423
5426
5428
5425
5410
5410
5432
5427
5430
5425
5422
5421
5420
5428
5423
5423
5621
5689
5858
6002
6133
6234
6449
6623
6744
6849
7032
7022
7166
7269
7389
7566
7748
7908
8109
8224
8223
8306
8472
8641
8783
8933
9142
9178
9161
9417
9664
9886
10063
10186
10397
10581
10668
10860
10936
11092
11356
11370
11535
11750
11827
12050
12111
12268
12493
12530
12534
12538
12538
12537
12537
11820
2
4
4
4
4
2
0
0
0
0
0
0
0
0
0
0
0
0
0
0
0
0
0
0
0
0
0
0
0
0
0
0
0
0
0
192
225
331
475
609
785
906
923
916
1122
1169
1383
1486
1675
1802
1948
2079
2092
2100
2276
2465
2606
2709
2805
3039
3080
3067
3276
3504
3573
3818
3916
4026
4195
4391
4401
4557
4637
4833
4890
5067
5209
5340
5526
5579
5581
5600
5609
5730
5808
5819
5814
5831
5861
5846
5908
6013
6056
6067
6068
6151
6248
6259
6266
6278
6331
6323
6331
6342
6343
6331
6328
6320
6318
6318
6325
6315
6319
6298
6330
6327
6317
6320
6321
6324
6330
6321
6328
6316
6318
6354
6484
6553
6764
6924
7017
7227
7387
7507
7606
7819
7825
7880
8058
8124
8313
8484
8626
8822
8904
8914
9001
9199
9362
9513
9646
9901
9909
9948
10110
10380
10606
10703
10775
10982
11160
11310
11428
11629
11635
11831
11958
12067
12271
12361
12505
12688
12815
12925
12961
12893
12880
12885
12003
53
0
0
327
0
0
0
0
0
253
471
651
937
1110
1305
1373
1671
1940
2242
2585
2678
2924
3160
3422
3660
3795
3834
4162
4489
4711
5061
5243
5412
5441
5675
5954
6206
6607
6864
6919
6929
6931
6910
6570
0
0
0
0
178
512
719
879
1111
1494
1692
1902
2225
2628
2824
3075
3327
3718
3829
4052
4209
4427
4699
4848
4999
5193
5186
5181
5180
5179
4822
0
0
0
0
205
451
675
1001
1217
1516
1574
1789
1906
2154
2272
2510
2587
2749
2953
3212
3395
3767
3819
4043
4222
4523
4812
5105
5386
5614
5666
5880
6132
6212
6458
6726
6971
7219
7226
7440
7501
7755
8056
8325
8573
8903
8917
8919
8921
8105
0
0
0
0
0
0
0
0
0
0
53
269
399
508
810
1143
1276
1507
1685
1893
2175
2352
2633
2898
3081
3330
3389
3613
3962
4465
4776
4982
5093
5428
5510
5906
6175
6462
6523
6789
7007
7225
7491
7742
8017
8029
8019
7396
0
0
0
0
15
230
461
1
61
197
459
667
900
952
1201
1205
1417
1649
1770
2116
2403
2507
2813
2922
3239
3358
3419
3720
3716
3963
4165
4448
4616
4879
5173
5343
5564
5573
5590
5599
5602
5561
78
45
141
9
0
53
199
446
686
1049
1428
1473
1789
2087
2331
2526
2824
2950
3165
3393
3731
3939
4227
4372
4614
4835
4836
5145
5334
5627
5931
6143
6422
6663
6937
7050
7239
7442
7729
8152
8454
8646
9000
9138
9378
9635
9842
10014
10012
10034
9236
0
0
0
0
0
208
334
716
843
1075
1374
1617
1647
1926
2331
2603
2835
2887
3073
3302
3505
3720
3924
4215
4237
4466
4552
4856
5062
5401
5609
5928
5941
5945
5943
5943
5560
0
0
0
0
0
0
0
0
51
195
442
683
780
965
1218
1465
1459
1771
1824
2042
2240
2557
2812
2997
3158
3606
3805
3980
4363
4507
4781
5012
5236
5233
5475
5674
5963
6005
6315
6351
6436
6623
6977
7168
7487
7667
7915
7971
8066
8353
8663
8882
8919
9545
9633
9776
9895
10171
10550
10860
11081
11116
11120
11130
11071
10503
0
24
68
120
314
42
0
0
0
25
228
470
963
1517
1496
1870
2148
2455
2741
3030
3368
3582
3851
3861
3541
0
0
31
257
492
703
903
1131
1142
1351
1568
1819
2037
2228
2274
2413
2614
2824
3092
3260
3278
3623
3841
4071
4085
4283
4504
4725
4817
4987
5373
5483
5699
5851
6086
6418
6493
6772
7190
7339
7706
7798
7675
7678
7416
0
0
0
0
0
0
0
0
12
253
661
928
1152
1386
1671
2075
2190
2421
2800
3145
3727
4196
3741
3970
4315
4679
5069
5193
5627
5871
6342
6862
7190
7603
7806
8135
8492
8809
9090
9421
9867
10144
10169
10163
9492
0
0
0
0
0
0
0
0
431
210
230
222
0
0
615
823
824
1103
1197
1450
1851
2153
2454
2803
2980
3246
3650
3908
4215
4470
4711
4877
5212
5695
6041
6039
6101
6534
6823
7077
7298
7611
7819
8084
8238
8432
8708
8901
9021
9138
9521
9829
9842
9864
9116
0
0
0
0
0
0
0
0
0
0
175
442
748
877
1084
1354
1474
1565
1884
2128
2371
2723
3139
3431
3701
3856
4157
4699
5126
5383
5660
5677
5696
5294
0
0
0
3
203
216
455
724
1036
1228
1502
1744
2037
2264
2519
2796
3227
3422
4063
4192
4449
5263
5867
6084
6023
6314
6491
6975
7298
7528
7756
8073
8482
8680
9043
9387
9600
10060
10331
10347
9565
0
0
0
0
0
0
0
0
0
0
48
466
795
1230
1487
1847
2145
2431
2861
3130
3473
3965
4272
4557
4783
5090
5489
5713
5953
6241
6543
6775
7108
7475
7699
8006
8272
8534
8797
9044
9275
9619
9935
9950
9959
9273
0
0
0
0
0
0
0
0
0
0
311
439
778
1020
1270
1507
1815
2068
3909
2394
2612
3002
3324
3712
3826
4708
4351
4507
4897
5146
5469
5635
5731
5984
6084
6423
6678
6843
7105
7327
7660
7920
8041
8028
8037
7212
0
0
0
0
0
0
0
0
0
189
479
725
929
1204
1393
1550
1746
1991
2230
2402
2646
2860
3154
3602
3635
3910
4155
4522
4660
4880
5055
5257
5557
5637
5871
6106
6475
6586
6813
7007
7274
7552
7812
7837
7839
7377
0
0
0
0
0
0
0
0
169
487
820
1206
1543
1763
2123
2529
2963
3189
3604
3950
4370
4391
4391
4251
0
0
0
299
599
806
937
1219
1432
1736
1747
2024
2337
2559
2737
2993
3074
3139
3207
3463
3510
3518
3527
3504
3516
3681
3749
3771
3776
3888
3971
4013
4219
4334
4440
4727
4832
4948
5205
5344
5446
5775
5822
6017
6088
6326
6406
6607
6826
6895
7155
7176
7435
7537
7612
7790
7881
8035
8282
8472
8652
8857
8912
9314
9341
9612
9650
9927
10146
10468
10507
10518
10528
10530
10526
9381
0
0
0
0
0
148
231
401
459
682
779
896
1127
1153
1413
1492
1731
1878
1986
2245
2264
2516
2590
2815
2842
2848
3097
3190
3435
3603
3658
3822
3931
4126
4219
4525
4530
4526
4749
4841
4980
5233
5267
5407
5537
5660
5793
5917
6195
6318
6393
6695
6712
6876
6991
7219
7329
7577
7762
7845
8008
8142
8148
8417
8466
8488
8710
8754
8991
9231
9341
9562
9599
9774
9810
10207
10280
10546
10560
10846
10965
11307
11372
11366
11372
11371
11370
11369
10563
0
0
0
0
0
0
149
260
422
483
704
808
910
1163
1180
1433
1538
1768
1941
2043
2304
2323
2578
2662
2905
2881
2881
3109
3220
3476
3644
3731
3886
3982
4178
4289
4587
4583
4589
4805
4865
5014
5234
5268
5416
5582
5694
5870
5944
6192
6290
6359
6659
6680
6821
6915
7182
7270
7521
7685
7773
7946
8083
8081
8380
8412
8439
8671
8692
8901
9134
9232
9484
9515
9688
9735
10140
10206
10445
10494
10790
10947
11269
11313
11313
11312
11300
11302
11303
10623
0
0
0
0
0
0
0
0
211
311
471
707
864
959
1196
1444
1564
1823
2032
2116
2325
2571
2713
2995
3257
3375
3641
3863
3952
4167
4351
4587
4778
4782
4785
4754
4743
4320
0
0
0
0
0
0
0
0
0
0
0
0
0
0
209
490
793
929
1135
1375
1478
1605
1978
2247
2400
2652
2970
3176
3391
3723
3991
4255
4614
4895
5144
5389
5745
6049
6134
6163
6368
6447
6658
6848
6983
7113
7153
7322
7358
7500
7686
7964
8120
8255
8341
8574
8699
8704
8705
8712
8709
8709
8709
8709
8709
8709
7865
0
0
0
0
179
234
411
586
767
923
1146
1185
1189
1331
1549
1714
1834
1972
2126
2123
2297
2551
2681
2930
3027
3234
3450
3559
3715
3780
3963
4164
4271
4436
4480
4587
4629
4656
4671
4716
4715
4746
4865
4869
4900
4927
4947
4978
5034
5154
5177
5165
5294
5368
5378
5361
5365
5366
5360
5382
5384
5373
5366
5376
5390
5391
5392
5395
5395
5379
5378
5396
5392
5400
5397
5481
5486
5494
5510
5508
5494
5493
5443
5656
5686
5879
6029
6161
6278
6464
6756
6771
6861
7054
7044
7206
7368
7480
7653
7868
7961
8148
8243
8250
8306
8490
8685
8851
8919
9125
9187
9164
9422
9644
9867
10054
10123
10356
10515
10663
10859
10923
11088
11316
11324
11476
11674
11754
11973
12020
12173
12453
12488
12504
12511
12509
12496
12499
11723
0
0
0
0
0
0
0
0
0
0
0
0
0
0
0
0
0
0
0
0
0
0
0
0
0
0
0
0
0
0
0
0
0
0
0
163
222
339
481
607
778
886
903
905
1114
1156
1559
1477
1632
1776
1932
2057
2092
2093
2260
2448
2618
2704
2812
3018
3037
3041
3251
3418
3580
3845
3943
4029
4214
4380
4441
4611
4686
4874
4933
5107
5246
5333
5561
5598
5619
5630
5644
5727
5823
5835
5856
5871
5879
5895
5947
6046
6061
6081
6116
6210
6290
6306
6305
6312
6326
6321
6308
6327
6313
6315
6318
6313
6311
6321
6322
6319
6329
6328
6322
6328
6324
6317
6331
6336
6334
6334
6326
6326
6323
6384
6522
6570
6745
6924
7025
7229
7407
7551
7645
7844
7815
7907
8088
8148
8301
8485
8626
8821
8877
8885
8997
9190
9405
9562
9630
9845
9849
9890
10068
10314
10541
10659
10746
10968
11185
11363
11427
11626
11640
11830
11941
12014
12222
12333
12503
12670
12836
12960
12970
12968
12968
12968
12194
0
0
0
0
0
0
0
0
0
255
465
637
909
1101
1292
1359
1642
1936
2239
2565
2650
2879
3109
3368
3596
3737
3770
4100
4406
4613
5007
5162
5370
5397
5641
5932
6167
6565
6838
6873
6896
6898
6893
6470
0
0
0
7
285
596
785
1090
1263
1280
1485
1804
2060
2314
2544
2557
2635
2893
3085
3218
3463
3708
3950
3945
4132
4412
4733
4988
5246
5340
5564
5576
5723
5885
6160
6413
6771
7021
7095
7116
7121
7123
7123
7123
7123
6677
0
0
0
0
0
0
0
0
0
168
256
551
856
1176
1509
1704
2142
2504
2789
2976
3154
3311
3572
3869
4251
4579
4923
5168
5419
5745
5885
6116
6414
6691
7008
7342
7710
7989
8296
8680
8710
8696
8677
8683
8700
8767
8883
8947
8995
9021
9034
9082
9079
9072
9151
9254
9353
9429
9444
9487
9500
9493
9499
9646
9801
10002
10184
10500
10578
10772
10747
10985
11351
11443
11807
11945
12160
12320
12345
12535
12670
12965
13353
13665
13923
13964
13968
13975
13975
13977
13220
0
0
0
0
0
0
0
286
661
1143
1498
1987
2485
3027
3422
3966
4290
4703
5040
5302
5679
6001
6099
6350
6703
7125
7555
7934
8237
8326
8336
8583
8951
9183
9529
9871
9916
9903
9903
9903
9309
0
0
0
0
0
0
0
0
55
364
713
928
1274
1281
1501
1865
2076
2446
2543
2604
2865
3109
3273
3609
3852
3928
4096
4402
4700
5027
5216
5483
5549
5684
5886
6192
6565
6805
7073
7096
7097
7100
7097
7095
7094
6570
0
0
0
0
0
0
0
0
0
0
0
0
0
165
185
418
630
891
1205
1502
1635
2053
2194
2504
2799
2962
3143
3215
3464
3702
3949
4239
4578
4739
5083
5242
5537
5845
5902
6094
6335
6548
6823
7190
7331
7585
7830
7962
8123
8309
8536
8652
8662
8657
8826
9026
9046
9046
9164
9337
9437
9473
9503
9660
9780
9902
10013
10112
10313
10473
10664
10865
10894
11164
11525
11626
11940
12100
12384
12424
12496
12713
12956
13219
13602
13887
13963
13968
13969
13972
13197
0
0
0
2
1
0
0
582
911
1417
1749
2187
2750
3258
3624
4274
4462
4697
5050
5329
5692
6028
6147
6372
6725
7125
7536
7958
8262
8433
8515
8769
9179
9410
9753
10025
10093
10058
10014
10036
9312
149
221
156
115
0
173
8
1
0
0
0
0
267
631
800
1107
1271
1288
1482
1793
2012
2266
2522
2511
2591
2840
3063
3186
3466
3667
3897
3907
4108
4395
4695
4937
5219
5336
5544
5546
5680
5840
6114
6405
6733
7020
7074
7067
7071
7081
7081
7087
7089
6601
0
0
0
0
0
0
0
0
0
169
263
554
862
1182
1541
1721
2165
2523
2798
2980
3176
3306
3630
3917
4272
4619
4954
5206
5461
5814
5916
6135
6428
6712
7053
7342
7677
7955
8275
8641
8693
8674
8653
8682
8682
8780
8920
9016
9092
9123
9136
9117
9126
9110
9224
9306
9369
9469
9508
9502
9527
9518
9511
9697
9801
10032
10171
10554
10693
10832
10724
10881
11211
11299
11811
12120
12153
12109
12135
12467
12694
12963
13335
13588
13840
13857
13866
13841
13852
13849
13098
0
0
0
0
0
0
0
0
0
0
0
0
0
0
0
0
0
0
0
0
0
0
0
0
0
0
0
0
0
0
0
0
0
0
0
0
0
0
0
0
0
0
0
0
0
0
0
0
0
50
364
694
925
1271
1275
1497
1867
2064
2431
2517
2596
2875
3059
3257
3591
3828
3912
4082
4397
4716
5021
5201
5491
5548
5696
5856
6148
6513
6800
7078
7079
7102
7110
7105
7101
7091
6663
0
0
0
0
0
0
0
0
18
580
256
159
0
167
182
419
654
886
1196
1492
1658
2078
2226
2533
2864
2975
3155
3215
3471
3717
3973
4278
4563
4761
5113
5275
5540
5843
5905
6108
6325
6556
6882
7201
7323
7678
7930
8047
8219
8348
8525
8611
8617
8611
8808
9017
9003
9060
9207
9385
9507
9529
9535
9717
9855
9977
10045
10119
10287
10509
10648
10840
10860
11133
11457
11570
11891
12047
12307
12366
12453
12646
12935
13243
13610
13878
13942
13958
13947
13950
13166
0
0
0
0
0
0
0
0
0
0
0
72
169
308
386
604
703
791
856
1021
1152
1250
1263
1336
1491
1580
1608
1609
1604
1605
1838
1924
2151
2189
2278
2393
2513
2620
2646
2840
2938
3107
3191
3259
3416
3468
3491
3493
3494
3497
3507
3507
3508
3510
3513
3515
3500
3396
3344
3279
3223
3086
2944
2760
2554
2230
1916
1566
1204
751
295
81
6
3
1
0
0
0
0
0
0
0
0
0
0
0
0
0
0
0
0
0
0
0
0
0
0
0
0
0
2
0
0
0
0
0
0
0
0
0
0
0
3
4
2
1
0
1
1
1
0
0
0
0
2
0
0
13
13
8
11
11
8
13
11
8
10
15
14
3
8
7
5
4
3
5
3
4
16
14
3
3
6
6
6
7
6
5
9
3
3
9
7
16
15
16
18
15
14
14
9
7
6
8
10
14
11
12
17
16
20
12
8
2
0
0
0
0
0
0
0
0
0
0
0
0
0
0
0
0
0
0
0
0
0
0
0
0
0
0
0
0
0
0
0
0
0
0
0
0
0
0
0
0
0
0
0
0
0
0
0
0
0
0
0
0
0
